148919, 3,3,3,0,0.26,-9.47,-1.58,0.00,-0.13,0.06,6.19,131.56,28.00,89.69,1.56,99.56,0.00,0.19,0.04,0.26,-9.66,-1.63,0.46,-0.56,0.52,-0.46,-87.84,-1.57,-99.59,
148931, 3,3,3,0,0.21,-9.46,-1.63,0.13,0.19,0.06,6.19,131.56,28.00,89.69,1.56,99.56,-0.01,0.16,-0.01,0.26,-9.66,-1.63,0.46,-0.56,0.52,-0.46,-87.84,-1.57,-99.59,
148944, 3,3,3,0,0.25,-9.50,-1.64,0.00,0.06,0.00,6.19,131.56,28.00,89.69,1.56,99.56,0.00,0.16,-0.03,0.26,-9.66,-1.63,0.46,-0.56,0.52,-0.46,-87.84,-1.57,-99.59,
148955, 3,3,3,0,0.25,-9.50,-1.66,-0.06,0.00,0.00,6.56,132.25,27.19,89.69,1.56,99.56,-0.02,0.16,0.03,0.26,-9.66,-1.63,0.46,-0.56,0.52,-0.46,-87.84,-1.57,-99.59,
148967, 3,3,3,0,0.26,-9.47,-1.62,0.00,0.06,0.00,6.56,132.25,27.19,89.69,1.56,99.56,0.00,0.19,0.01,0.26,-9.66,-1.63,0.46,-0.56,0.52,-0.46,-87.84,-1.57,-99.59,
148980, 3,3,3,0,0.26,-9.48,-1.62,0.06,0.06,-0.06,6.56,132.25,27.19,89.69,1.56,99.56,0.00,0.18,0.00,0.26,-9.66,-1.63,0.46,-0.56,0.52,-0.46,-87.84,-1.57,-99.59,
148993, 3,3,3,0,0.24,-9.50,-1.62,0.00,-0.13,0.13,6.56,132.25,27.19,89.69,1.56,99.56,-0.02,0.16,0.02,0.26,-9.66,-1.63,0.46,-0.56,0.52,-0.46,-87.84,-1.57,-99.59,
149004, 3,3,3,0,0.24,-9.50,-1.60,-0.13,-0.13,0.06,7.25,132.25,27.19,89.69,1.56,99.56,-0.01,0.18,0.01,0.26,-9.66,-1.63,0.46,-0.56,0.52,-0.46,-87.84,-1.57,-99.59,
149016, 3,3,3,0,0.25,-9.47,-1.62,0.00,0.06,-0.06,7.25,132.25,27.19,89.69,1.56,99.56,-0.03,0.16,0.02,0.26,-9.66,-1.63,0.46,-0.56,0.52,-0.46,-87.84,-1.57,-99.59,
149028, 3,3,3,0,0.22,-9.45,-1.63,0.13,0.00,0.00,7.25,132.25,27.19,89.69,1.56,99.56,-0.04,0.21,0.00,0.26,-9.66,-1.63,0.46,-0.56,0.52,-0.46,-87.84,-1.57,-99.59,
149041, 3,3,3,0,0.23,-9.48,-1.66,0.06,-0.19,0.00,7.25,132.25,27.19,89.69,1.56,99.56,-0.03,0.17,-0.02,0.26,-9.66,-1.63,0.46,-0.56,0.52,-0.46,-87.84,-1.57,-99.59,
149051, 3,3,3,0,0.26,-9.44,-1.60,0.00,0.25,0.00,7.25,132.25,27.19,89.69,1.56,99.56,0.00,0.21,0.02,0.26,-9.66,-1.63,0.46,-0.56,0.52,-0.46,-87.84,-1.57,-99.59,
149064, 3,3,3,0,0.26,-9.48,-1.59,0.00,0.06,0.00,5.75,132.25,25.87,89.69,1.56,99.56,-0.01,0.20,0.04,0.26,-9.66,-1.63,0.46,-0.56,0.52,-0.46,-87.84,-1.57,-99.59,
149076, 3,3,3,0,0.25,-9.45,-1.58,0.00,-0.13,0.00,5.75,132.25,25.87,89.69,1.56,99.56,0.00,0.18,-0.03,0.26,-9.66,-1.63,0.46,-0.56,0.52,-0.46,-87.84,-1.57,-99.59,
149088, 3,3,3,0,0.27,-9.48,-1.63,0.06,-0.06,0.00,5.75,132.25,25.87,89.69,1.56,99.56,0.00,0.18,0.00,0.26,-9.66,-1.63,0.46,-0.56,0.52,-0.46,-87.84,-1.57,-99.59,
149097, 3,3,3,0,0.25,-9.50,-1.61,0.00,0.13,0.06,5.75,132.25,25.87,89.69,1.56,99.56,-0.01,0.16,0.02,0.26,-9.66,-1.63,0.46,-0.56,0.52,-0.46,-87.84,-1.57,-99.59,
149110, 3,3,3,0,0.25,-9.47,-1.57,0.13,0.00,-0.06,6.56,131.87,25.87,89.69,1.56,99.56,-0.01,0.18,0.05,0.26,-9.66,-1.63,0.46,-0.56,0.52,-0.46,-87.84,-1.57,-99.59,
149122, 3,3,3,0,0.24,-9.48,-1.65,0.00,0.06,0.06,6.56,131.87,25.87,89.69,1.56,99.56,-0.01,0.19,0.03,0.26,-9.66,-1.63,0.46,-0.56,0.52,-0.46,-87.84,-1.57,-99.59,
149134, 3,3,3,0,0.25,-9.47,-1.59,-0.06,0.06,0.00,6.56,131.87,25.87,89.69,1.56,99.56,-0.01,0.21,0.01,0.26,-9.66,-1.63,0.46,-0.56,0.52,-0.46,-87.84,-1.57,-99.59,
149145, 3,3,3,0,0.25,-9.45,-1.62,0.00,-0.13,0.06,6.56,131.87,25.87,89.69,1.56,99.56,0.00,0.19,0.02,0.26,-9.66,-1.63,0.46,-0.56,0.52,-0.46,-87.84,-1.57,-99.59,
149157, 3,3,3,0,0.25,-9.47,-1.60,0.06,0.00,0.13,6.19,131.87,26.37,89.69,1.56,99.56,-0.02,0.18,0.02,0.26,-9.66,-1.63,0.46,-0.56,0.52,-0.46,-87.84,-1.57,-99.59,
149170, 3,3,3,0,0.26,-9.46,-1.61,0.06,0.00,0.06,6.19,131.87,26.37,89.69,1.56,99.56,0.00,0.20,0.02,0.26,-9.66,-1.63,0.46,-0.56,0.52,-0.46,-87.84,-1.57,-99.59,
149182, 3,3,3,0,0.26,-9.46,-1.64,0.06,-0.06,0.00,6.19,131.87,26.37,89.69,1.56,99.56,-0.01,0.17,0.03,0.26,-9.66,-1.63,0.46,-0.56,0.52,-0.46,-87.84,-1.57,-99.59,
149194, 3,3,3,0,0.25,-9.49,-1.59,0.06,0.13,-0.06,6.19,131.87,26.37,89.69,1.56,99.56,0.00,0.17,0.01,0.26,-9.66,-1.63,0.46,-0.56,0.52,-0.46,-87.84,-1.57,-99.59,
149207, 3,3,3,0,0.27,-9.48,-1.61,0.13,0.13,0.06,6.19,132.25,25.87,89.69,1.56,99.56,-0.02,0.17,0.04,0.26,-9.66,-1.63,0.46,-0.56,0.52,-0.46,-87.84,-1.57,-99.59,
149219, 3,3,3,0,0.27,-9.46,-1.62,0.06,0.00,-0.13,6.19,132.25,25.87,89.69,1.56,99.56,0.00,0.19,0.01,0.26,-9.66,-1.63,0.46,-0.56,0.52,-0.46,-87.84,-1.57,-99.59,
149232, 3,3,3,0,0.25,-9.46,-1.62,0.06,0.19,0.00,6.19,132.25,25.87,89.69,1.56,99.56,-0.01,0.20,0.00,0.26,-9.66,-1.63,0.46,-0.56,0.52,-0.46,-87.84,-1.57,-99.59,
149244, 3,3,3,0,0.23,-9.45,-1.64,0.00,0.06,0.00,6.19,132.25,25.87,89.69,1.56,99.56,-0.01,0.17,-0.01,0.26,-9.66,-1.63,0.46,-0.56,0.52,-0.46,-87.84,-1.57,-99.59,
149256, 3,3,3,0,0.25,-9.48,-1.64,0.19,0.06,-0.06,5.75,132.25,26.37,89.69,1.56,99.56,-0.03,0.21,0.02,0.26,-9.66,-1.63,0.46,-0.56,0.52,-0.46,-87.84,-1.57,-99.59,
149268, 3,3,3,0,0.26,-9.46,-1.60,0.00,0.25,0.13,5.75,132.25,26.37,89.69,1.56,99.56,0.00,0.20,0.02,0.26,-9.66,-1.63,0.46,-0.56,0.52,-0.46,-87.84,-1.57,-99.59,
149281, 3,3,3,0,0.26,-9.45,-1.63,0.06,0.13,-0.06,5.75,132.25,26.37,89.69,1.56,99.56,0.00,0.21,0.00,0.26,-9.66,-1.63,0.46,-0.56,0.52,-0.46,-87.84,-1.57,-99.59,
149294, 3,3,3,0,0.25,-9.48,-1.61,0.00,0.00,0.00,5.75,132.25,26.37,89.69,1.56,99.56,-0.03,0.21,0.00,0.26,-9.66,-1.63,0.46,-0.56,0.52,-0.46,-87.84,-1.57,-99.59,
149305, 3,3,3,0,0.23,-9.44,-1.62,0.00,0.31,0.00,6.19,132.69,25.56,89.69,1.56,99.56,0.01,0.20,0.02,0.26,-9.66,-1.63,0.46,-0.56,0.52,-0.46,-87.84,-1.57,-99.59,
149317, 3,3,3,0,0.28,-9.46,-1.61,0.00,0.00,0.06,6.19,132.69,25.56,89.69,1.56,99.56,-0.01,0.20,0.00,0.26,-9.66,-1.63,0.46,-0.56,0.52,-0.46,-87.84,-1.57,-99.59,
149329, 3,3,3,0,0.25,-9.51,-1.60,0.00,-0.13,0.06,6.19,132.69,25.56,89.69,1.56,99.56,-0.01,0.14,0.02,0.26,-9.66,-1.63,0.46,-0.56,0.52,-0.46,-87.84,-1.57,-99.59,
149342, 3,3,3,0,0.24,-9.44,-1.65,0.13,-0.13,-0.06,6.19,132.69,25.56,89.69,1.56,99.56,-0.02,0.22,-0.01,0.26,-9.66,-1.63,0.46,-0.56,0.52,-0.46,-87.84,-1.57,-99.59,
149353, 3,3,3,0,0.26,-9.49,-1.61,-0.06,0.06,0.00,6.19,132.69,25.56,89.69,1.56,99.56,-0.03,0.21,0.02,0.26,-9.66,-1.63,0.46,-0.56,0.52,-0.46,-87.84,-1.57,-99.59,
149365, 3,3,3,0,0.23,-9.45,-1.61,-0.06,0.06,0.13,5.06,131.56,26.75,89.69,1.56,99.56,-0.01,0.18,0.01,0.26,-9.66,-1.63,0.46,-0.56,0.52,-0.46,-87.84,-1.57,-99.59,
149378, 3,3,3,0,0.25,-9.47,-1.62,0.13,0.00,0.00,5.06,131.56,26.75,89.69,1.56,99.56,-0.03,0.20,0.00,0.26,-9.66,-1.63,0.46,-0.56,0.52,-0.46,-87.84,-1.57,-99.59,
149390, 3,3,3,0,0.25,-9.46,-1.64,0.00,0.06,-0.06,5.06,131.56,26.75,89.69,1.56,99.56,-0.01,0.19,0.00,0.26,-9.66,-1.63,0.46,-0.56,0.52,-0.46,-87.84,-1.57,-99.59,
149400, 3,3,3,0,0.25,-9.47,-1.57,0.00,-0.25,0.13,5.06,131.56,26.75,89.69,1.56,99.56,-0.01,0.18,0.05,0.26,-9.66,-1.63,0.46,-0.56,0.52,-0.46,-87.84,-1.57,-99.59,
149413, 3,3,3,0,0.27,-9.49,-1.65,0.06,0.06,0.00,6.19,132.69,26.37,89.69,1.56,99.56,0.00,0.19,0.02,0.26,-9.66,-1.63,0.46,-0.56,0.52,-0.46,-87.84,-1.57,-99.59,
149425, 3,3,3,0,0.26,-9.46,-1.60,-0.06,0.19,0.00,6.19,132.69,26.37,89.69,1.56,99.56,0.00,0.17,-0.02,0.26,-9.66,-1.63,0.46,-0.56,0.52,-0.46,-87.84,-1.57,-99.59,
149437, 3,3,3,0,0.26,-9.48,-1.65,0.13,-0.13,-0.06,6.19,132.69,26.37,89.69,1.56,99.56,0.00,0.17,0.02,0.26,-9.66,-1.63,0.46,-0.56,0.52,-0.46,-87.84,-1.57,-99.59,
149447, 3,3,3,0,0.26,-9.47,-1.66,0.00,-0.06,-0.06,6.19,132.69,26.37,89.69,1.56,99.56,0.00,0.18,-0.03,0.26,-9.66,-1.63,0.46,-0.56,0.52,-0.46,-87.84,-1.57,-99.59,
149459, 3,3,3,0,0.25,-9.47,-1.59,0.06,-0.06,0.06,5.06,132.25,25.87,89.69,1.56,99.56,-0.01,0.18,0.03,0.26,-9.66,-1.63,0.46,-0.56,0.52,-0.46,-87.84,-1.57,-99.59,
149472, 3,3,3,0,0.26,-9.47,-1.63,0.06,0.00,-0.06,5.06,132.25,25.87,89.69,1.56,99.56,0.00,0.19,0.00,0.26,-9.66,-1.63,0.46,-0.56,0.52,-0.46,-87.84,-1.57,-99.59,
149484, 3,3,3,0,0.25,-9.47,-1.61,0.00,0.00,-0.06,5.06,132.25,25.87,89.69,1.56,99.56,0.00,0.20,0.00,0.26,-9.66,-1.63,0.46,-0.56,0.52,-0.46,-87.84,-1.57,-99.59,
149496, 3,3,3,0,0.26,-9.45,-1.63,0.06,0.19,0.06,5.06,132.25,25.87,89.69,1.56,99.56,-0.03,0.18,0.01,0.26,-9.66,-1.63,0.46,-0.56,0.52,-0.46,-87.84,-1.57,-99.59,
149509, 3,3,3,0,0.23,-9.47,-1.62,0.00,-0.13,-0.13,5.75,132.25,26.75,89.69,1.56,99.56,0.01,0.17,0.02,0.26,-9.66,-1.63,0.46,-0.56,0.52,-0.46,-87.84,-1.57,-99.59,
149521, 3,3,3,0,0.27,-9.47,-1.60,0.00,0.06,-0.13,5.75,132.25,26.75,89.69,1.56,99.56,0.00,0.18,0.02,0.26,-9.66,-1.63,0.46,-0.56,0.52,-0.46,-87.84,-1.57,-99.59,
149534, 3,3,3,0,0.25,-9.45,-1.63,0.06,0.06,-0.13,5.75,132.25,26.75,89.69,1.56,99.56,0.00,0.16,0.00,0.26,-9.66,-1.63,0.46,-0.56,0.52,-0.46,-87.84,-1.57,-99.59,
149546, 3,3,3,0,0.27,-9.49,-1.64,-0.06,0.00,0.00,5.75,132.25,26.75,89.69,1.56,99.56,-0.01,0.19,0.02,0.26,-9.66,-1.63,0.46,-0.56,0.52,-0.46,-87.84,-1.57,-99.59,
149558, 3,3,3,0,0.25,-9.47,-1.60,0.06,0.00,0.06,6.56,133.37,25.19,89.69,1.56,99.56,-0.01,0.18,0.01,0.26,-9.66,-1.63,0.46,-0.56,0.52,-0.46,-87.84,-1.57,-99.59,
149570, 3,3,3,0,0.25,-9.46,-1.61,0.06,0.00,0.00,6.56,133.37,25.19,89.69,1.56,99.56,0.00,0.20,0.02,0.26,-9.66,-1.63,0.46,-0.56,0.52,-0.46,-87.84,-1.57,-99.59,
149582, 3,3,3,0,0.25,-9.47,-1.64,-0.06,0.06,0.00,6.56,133.37,25.19,89.69,1.56,99.56,0.00,0.19,-0.01,0.26,-9.66,-1.63,0.46,-0.56,0.52,-0.46,-87.84,-1.57,-99.59,
149595, 3,3,3,0,0.23,-9.45,-1.60,-0.13,0.13,0.19,6.56,133.37,25.19,89.69,1.56,99.56,0.00,0.17,0.00,0.26,-9.66,-1.63,0.46,-0.56,0.52,-0.46,-87.84,-1.57,-99.59,
149607, 3,3,3,0,0.25,-9.48,-1.63,-0.06,0.00,0.13,6.19,131.56,26.37,89.69,1.56,99.56,-0.02,0.18,0.01,0.26,-9.66,-1.63,0.46,-0.56,0.52,-0.46,-87.84,-1.57,-99.59,
149619, 3,3,3,0,0.24,-9.47,-1.61,0.13,0.06,-0.13,6.19,131.56,26.37,89.69,1.56,99.56,-0.01,0.17,0.03,0.26,-9.66,-1.63,0.46,-0.56,0.52,-0.46,-87.84,-1.57,-99.59,
149632, 3,3,3,0,0.28,-9.49,-1.62,-0.06,0.19,0.00,6.19,131.56,26.37,89.69,1.56,99.56,0.01,0.16,0.00,0.26,-9.66,-1.63,0.46,-0.56,0.52,-0.46,-87.84,-1.57,-99.59,
149644, 3,3,3,0,0.24,-9.45,-1.63,0.00,0.13,0.00,6.19,131.56,26.37,89.69,1.56,99.56,0.00,0.19,0.00,0.26,-9.66,-1.63,0.46,-0.56,0.52,-0.46,-87.84,-1.57,-99.59,
149655, 3,3,3,0,0.25,-9.47,-1.63,-0.06,0.06,0.06,6.19,131.56,26.37,89.69,1.56,99.56,0.00,0.17,0.04,0.26,-9.66,-1.63,0.46,-0.56,0.52,-0.46,-87.84,-1.57,-99.59,
149667, 3,3,3,0,0.26,-9.48,-1.58,0.00,0.13,0.06,6.19,132.25,27.19,89.69,1.56,99.56,-0.01,0.17,0.01,0.26,-9.66,-1.63,0.46,-0.56,0.52,-0.46,-87.84,-1.57,-99.59,
149679, 3,3,3,0,0.26,-9.47,-1.63,0.06,0.13,0.13,6.19,132.25,27.19,89.69,1.56,99.56,0.00,0.19,0.00,0.26,-9.66,-1.63,0.46,-0.56,0.52,-0.46,-87.84,-1.57,-99.59,
149692, 3,3,3,0,0.24,-9.46,-1.63,0.06,0.00,0.06,6.19,132.25,27.19,89.69,1.56,99.56,-0.02,0.20,0.00,0.26,-9.66,-1.63,0.46,-0.56,0.52,-0.46,-87.84,-1.57,-99.59,
149703, 3,3,3,0,0.22,-9.48,-1.60,-0.06,0.00,-0.06,6.19,132.25,27.19,89.69,1.56,99.56,-0.04,0.17,0.02,0.26,-9.66,-1.63,0.46,-0.56,0.52,-0.46,-87.84,-1.57,-99.59,
149715, 3,3,3,0,0.25,-9.46,-1.64,0.06,0.06,0.00,5.75,132.69,27.19,89.69,1.56,99.56,-0.01,0.15,0.01,0.26,-9.66,-1.63,0.46,-0.56,0.52,-0.46,-87.84,-1.57,-99.59,
149728, 3,3,3,0,0.25,-9.51,-1.62,0.00,0.00,-0.06,5.75,132.69,27.19,89.69,1.56,99.56,0.00,0.19,0.00,0.26,-9.66,-1.63,0.46,-0.56,0.52,-0.46,-87.84,-1.57,-99.59,
149740, 3,3,3,0,0.25,-9.48,-1.62,0.06,0.19,-0.06,5.75,132.69,27.19,89.69,1.56,99.56,-0.01,0.18,0.00,0.26,-9.66,-1.63,0.46,-0.56,0.52,-0.46,-87.84,-1.57,-99.59,
149749, 3,3,3,0,0.24,-9.48,-1.61,0.00,0.00,0.06,5.75,132.69,27.19,89.69,1.56,99.56,-0.02,0.18,0.01,0.26,-9.66,-1.63,0.46,-0.56,0.52,-0.46,-87.84,-1.57,-99.59,
149762, 3,3,3,0,0.25,-9.47,-1.59,0.00,0.19,-0.13,5.75,132.25,26.37,89.69,1.56,99.56,-0.01,0.18,0.03,0.26,-9.66,-1.63,0.46,-0.56,0.52,-0.46,-87.84,-1.57,-99.59,
149774, 3,3,3,0,0.27,-9.51,-1.61,0.19,-0.06,0.06,5.75,132.25,26.37,89.69,1.56,99.56,0.00,0.15,0.01,0.26,-9.66,-1.63,0.46,-0.56,0.52,-0.46,-87.84,-1.57,-99.59,
149786, 3,3,3,0,0.27,-9.45,-1.66,0.00,0.19,0.00,5.75,132.25,26.37,89.69,1.56,99.56,-0.03,0.18,0.02,0.26,-9.66,-1.63,0.46,-0.56,0.52,-0.46,-87.84,-1.57,-99.59,
149797, 3,3,3,0,0.23,-9.48,-1.61,0.06,-0.19,-0.06,5.75,132.25,26.37,89.69,1.56,99.56,-0.04,0.17,0.00,0.26,-9.66,-1.63,0.46,-0.56,0.52,-0.46,-87.84,-1.57,-99.59,
149810, 3,3,3,0,0.22,-9.48,-1.63,-0.13,0.13,-0.06,6.19,131.56,25.56,89.69,1.56,99.56,-0.01,0.18,0.01,0.26,-9.66,-1.63,0.46,-0.56,0.52,-0.46,-87.84,-1.57,-99.59,
149822, 3,3,3,0,0.25,-9.44,-1.64,0.00,-0.06,-0.06,6.19,131.56,25.56,89.69,1.56,99.56,0.00,0.22,0.00,0.26,-9.66,-1.63,0.46,-0.56,0.52,-0.46,-87.84,-1.57,-99.59,
149835, 3,3,3,0,0.24,-9.49,-1.63,-0.06,0.00,0.06,6.19,131.56,25.56,89.69,1.56,99.56,-0.01,0.20,-0.01,0.26,-9.66,-1.63,0.46,-0.56,0.52,-0.46,-87.84,-1.57,-99.59,
156607, 3,3,3,0,0.26,-9.48,-1.66,0.13,0.13,-0.06,5.06,132.00,26.00,89.69,1.56,99.56,0.00,0.18,-0.03,0.26,-9.66,-1.63,0.46,-0.56,0.52,-0.46,-87.84,-1.57,-99.59,
156620, 3,3,3,0,0.25,-9.47,-1.63,0.06,0.06,-0.13,5.06,132.00,26.00,89.69,1.56,99.56,0.00,0.19,0.00,0.26,-9.66,-1.63,0.46,-0.56,0.52,-0.46,-87.84,-1.57,-99.59,
156631, 3,3,3,0,0.26,-9.47,-1.63,0.00,-0.06,0.06,5.75,132.37,26.00,89.69,1.56,99.56,0.00,0.19,0.01,0.26,-9.66,-1.63,0.46,-0.56,0.52,-0.46,-87.84,-1.57,-99.59,
156644, 3,3,3,0,0.25,-9.49,-1.64,-0.06,0.00,0.00,5.75,132.37,26.00,89.69,1.56,99.56,0.00,0.17,0.00,0.26,-9.66,-1.63,0.46,-0.56,0.52,-0.46,-87.84,-1.57,-99.59,
156656, 3,3,3,0,0.26,-9.48,-1.64,-0.06,0.00,-0.13,5.75,132.37,26.00,89.69,1.56,99.56,0.00,0.17,-0.01,0.26,-9.66,-1.63,0.46,-0.56,0.52,-0.46,-87.84,-1.57,-99.59,
156669, 3,3,3,0,0.27,-9.46,-1.62,-0.06,-0.06,0.00,5.75,132.37,26.00,89.69,1.56,99.56,-0.02,0.21,0.02,0.26,-9.66,-1.63,0.46,-0.56,0.52,-0.46,-87.84,-1.57,-99.59,
156680, 3,3,3,0,0.24,-9.44,-1.61,-0.06,0.00,0.00,6.19,132.69,26.37,89.69,1.56,99.56,-0.01,0.18,-0.04,0.26,-9.66,-1.63,0.46,-0.56,0.52,-0.46,-87.84,-1.57,-99.59,
156692, 3,3,3,0,0.25,-9.47,-1.67,0.00,-0.06,0.00,6.19,132.69,26.37,89.69,1.56,99.56,-0.01,0.19,0.02,0.26,-9.66,-1.63,0.46,-0.56,0.52,-0.46,-87.84,-1.57,-99.59,
156704, 3,3,3,0,0.24,-9.46,-1.64,0.00,-0.06,-0.13,6.19,132.69,26.37,89.69,1.56,99.56,-0.02,0.19,0.00,0.26,-9.66,-1.63,0.46,-0.56,0.52,-0.46,-87.84,-1.57,-99.59,
156717, 3,3,3,0,0.26,-9.48,-1.61,0.00,-0.06,0.00,6.19,132.69,26.37,89.69,1.56,99.56,0.00,0.17,0.02,0.26,-9.66,-1.63,0.46,-0.56,0.52,-0.46,-87.84,-1.57,-99.59,
156728, 3,3,3,0,0.25,-9.46,-1.59,0.06,0.13,0.00,6.19,132.69,26.37,89.69,1.56,99.56,-0.01,0.20,0.03,0.26,-9.66,-1.63,0.46,-0.56,0.52,-0.46,-87.84,-1.57,-99.59,
156740, 3,3,3,0,0.26,-9.46,-1.63,-0.06,0.00,0.00,5.75,132.37,27.19,89.69,1.56,99.56,0.00,0.18,-0.01,0.26,-9.66,-1.63,0.46,-0.56,0.52,-0.46,-87.84,-1.57,-99.59,
156752, 3,3,3,0,0.26,-9.47,-1.65,-0.06,0.06,0.13,5.75,132.37,27.19,89.69,1.56,99.56,0.00,0.20,-0.02,0.26,-9.66,-1.63,0.46,-0.56,0.52,-0.46,-87.84,-1.57,-99.59,
156764, 3,3,3,0,0.25,-9.48,-1.59,-0.06,-0.19,-0.06,5.75,132.37,27.19,89.69,1.56,99.56,-0.01,0.17,0.03,0.26,-9.66,-1.63,0.46,-0.56,0.52,-0.46,-87.84,-1.57,-99.59,
156774, 3,3,3,0,0.26,-9.49,-1.61,-0.06,0.00,0.00,5.75,132.37,27.19,89.69,1.56,99.56,0.00,0.16,0.01,0.26,-9.66,-1.63,0.46,-0.56,0.52,-0.46,-87.84,-1.57,-99.59,
156786, 3,3,3,0,0.24,-9.48,-1.61,-0.06,0.25,0.00,6.19,133.06,26.75,89.69,1.56,99.56,-0.02,0.17,0.01,0.26,-9.66,-1.63,0.46,-0.56,0.52,-0.46,-87.84,-1.57,-99.59,
156799, 3,3,3,0,0.25,-9.49,-1.64,0.00,-0.13,0.00,6.19,133.06,26.75,89.69,1.56,99.56,-0.01,0.19,0.00,0.26,-9.66,-1.63,0.46,-0.56,0.52,-0.46,-87.84,-1.57,-99.59,
156811, 3,3,3,0,0.25,-9.46,-1.62,-0.06,-0.19,0.06,6.19,133.06,26.75,89.69,1.56,99.56,0.00,0.17,-0.01,0.26,-9.66,-1.63,0.46,-0.56,0.52,-0.46,-87.84,-1.57,-99.59,
156822, 3,3,3,0,0.25,-9.49,-1.64,-0.06,-0.13,-0.13,6.19,133.06,26.75,89.69,1.56,99.56,-0.03,0.20,0.01,0.26,-9.66,-1.63,0.46,-0.56,0.52,-0.46,-87.84,-1.57,-99.59,
156834, 3,3,3,0,0.24,-9.48,-1.60,-0.06,-0.06,-0.06,6.56,131.56,27.19,89.69,1.56,99.56,-0.02,0.18,0.02,0.26,-9.66,-1.63,0.46,-0.56,0.52,-0.46,-87.84,-1.57,-99.59,
156847, 3,3,3,0,0.25,-9.47,-1.60,0.06,-0.06,0.13,6.56,131.56,27.19,89.69,1.56,99.56,-0.01,0.19,0.02,0.26,-9.66,-1.63,0.46,-0.56,0.52,-0.46,-87.84,-1.57,-99.59,
156859, 3,3,3,0,0.25,-9.48,-1.65,-0.06,0.06,-0.06,6.56,131.56,27.19,89.69,1.56,99.56,-0.02,0.21,0.01,0.26,-9.66,-1.63,0.46,-0.56,0.52,-0.46,-87.84,-1.57,-99.59,
156871, 3,3,3,0,0.24,-9.44,-1.61,-0.06,0.13,-0.06,6.56,131.56,27.19,89.69,1.56,99.56,0.00,0.20,0.00,0.26,-9.66,-1.63,0.46,-0.56,0.52,-0.46,-87.84,-1.57,-99.59,
156883, 3,3,3,0,0.25,-9.45,-1.63,0.06,0.06,-0.06,5.75,132.69,26.00,89.69,1.56,99.56,-0.03,0.19,0.01,0.26,-9.66,-1.63,0.46,-0.56,0.52,-0.46,-87.84,-1.57,-99.59,
156895, 3,3,3,0,0.25,-9.50,-1.63,-0.06,-0.19,0.06,5.75,132.69,26.00,89.69,1.56,99.56,-0.01,0.16,0.00,0.26,-9.66,-1.63,0.46,-0.56,0.52,-0.46,-87.84,-1.57,-99.59,
156908, 3,3,3,0,0.25,-9.48,-1.62,-0.13,0.00,-0.06,5.75,132.69,26.00,89.69,1.56,99.56,-0.01,0.17,0.01,0.26,-9.66,-1.63,0.46,-0.56,0.52,-0.46,-87.84,-1.57,-99.59,
156920, 3,3,3,0,0.25,-9.46,-1.65,0.00,0.06,-0.06,5.75,132.69,26.00,89.69,1.56,99.56,0.00,0.21,0.02,0.26,-9.66,-1.63,0.46,-0.56,0.52,-0.46,-87.84,-1.57,-99.59,
156932, 3,3,3,0,0.26,-9.45,-1.60,0.00,-0.06,-0.13,6.19,132.00,25.19,89.69,1.56,99.56,-0.03,0.18,0.03,0.26,-9.66,-1.63,0.46,-0.56,0.52,-0.46,-87.84,-1.57,-99.59,
156945, 3,3,3,0,0.26,-9.46,-1.64,0.00,0.00,-0.06,6.19,132.00,25.19,89.69,1.56,99.56,0.00,0.20,-0.01,0.26,-9.66,-1.63,0.46,-0.56,0.52,-0.46,-87.84,-1.57,-99.59,
156957, 3,3,3,0,0.25,-9.47,-1.66,0.00,-0.06,-0.13,6.19,132.00,25.19,89.69,1.56,99.56,-0.01,0.19,-0.03,0.26,-9.66,-1.63,0.46,-0.56,0.52,-0.46,-87.84,-1.57,-99.59,
156970, 3,3,3,0,0.23,-9.46,-1.61,0.00,0.00,-0.06,6.19,132.00,25.19,89.69,1.56,99.56,0.00,0.20,0.00,0.26,-9.66,-1.63,0.46,-0.56,0.52,-0.46,-87.84,-1.57,-99.59,
156981, 3,3,3,0,0.27,-9.46,-1.64,-0.13,0.00,-0.06,5.06,133.37,25.56,89.69,1.56,99.56,0.00,0.18,0.02,0.26,-9.66,-1.63,0.46,-0.56,0.52,-0.46,-87.84,-1.57,-99.59,
156993, 3,3,3,0,0.26,-9.47,-1.60,0.00,0.13,-0.06,5.06,133.37,25.56,89.69,1.56,99.56,-0.04,0.20,0.00,0.26,-9.66,-1.63,0.46,-0.56,0.52,-0.46,-87.84,-1.57,-99.59,
157006, 3,3,3,0,0.26,-9.50,-1.64,0.06,0.06,-0.06,5.06,133.37,25.56,89.69,1.56,99.56,0.00,0.15,-0.01,0.26,-9.66,-1.63,0.46,-0.56,0.52,-0.46,-87.84,-1.57,-99.59,
157018, 3,3,3,0,0.24,-9.44,-1.63,-0.06,0.19,-0.06,5.06,133.37,25.56,89.69,1.56,99.56,-0.02,0.21,0.00,0.26,-9.66,-1.63,0.46,-0.56,0.52,-0.46,-87.84,-1.57,-99.59,
157029, 3,3,3,0,0.25,-9.49,-1.61,0.00,-0.13,-0.13,5.06,133.37,25.56,89.69,1.56,99.56,-0.03,0.22,-0.02,0.26,-9.66,-1.63,0.46,-0.56,0.52,-0.46,-87.84,-1.57,-99.59,
157042, 3,3,3,0,0.23,-9.44,-1.66,-0.13,0.06,0.06,5.75,131.56,25.87,89.69,1.56,99.56,0.00,0.17,0.02,0.26,-9.66,-1.63,0.46,-0.56,0.52,-0.46,-87.84,-1.57,-99.59,
157054, 3,3,3,0,0.26,-9.49,-1.61,-0.13,-0.13,-0.06,5.75,131.56,25.87,89.69,1.56,99.56,0.00,0.23,-0.01,0.26,-9.66,-1.63,0.46,-0.56,0.52,-0.46,-87.84,-1.57,-99.59,
157066, 3,3,3,0,0.26,-9.49,-1.62,-0.06,0.00,-0.06,5.75,131.56,25.87,89.69,1.56,99.56,0.00,0.17,0.01,0.26,-9.66,-1.63,0.46,-0.56,0.52,-0.46,-87.84,-1.57,-99.59,
157077, 3,3,3,0,0.25,-9.44,-1.62,0.00,-0.25,0.00,5.75,131.56,25.87,89.69,1.56,99.56,-0.01,0.22,0.00,0.26,-9.66,-1.63,0.46,-0.56,0.52,-0.46,-87.84,-1.57,-99.59,
157089, 3,3,3,0,0.25,-9.48,-1.62,0.00,-0.06,-0.06,5.75,133.06,26.37,89.69,1.56,99.56,0.00,0.19,-0.01,0.26,-9.66,-1.63,0.46,-0.56,0.52,-0.46,-87.84,-1.57,-99.59,
157101, 3,3,3,0,0.25,-9.46,-1.65,0.00,0.06,-0.06,5.75,133.06,26.37,89.69,1.56,99.56,-0.01,0.18,0.00,0.26,-9.66,-1.63,0.46,-0.56,0.52,-0.46,-87.84,-1.57,-99.59,
157114, 3,3,3,0,0.25,-9.48,-1.63,0.00,0.06,0.00,5.75,133.06,26.37,89.69,1.56,99.56,0.00,0.17,0.00,0.26,-9.66,-1.63,0.46,-0.56,0.52,-0.46,-87.84,-1.57,-99.59,
157123, 3,3,3,0,0.24,-9.49,-1.62,0.00,0.00,0.06,5.75,133.06,26.37,89.69,1.56,99.56,-0.02,0.17,0.01,0.26,-9.66,-1.63,0.46,-0.56,0.52,-0.46,-87.84,-1.57,-99.59,
157135, 3,3,3,0,0.25,-9.46,-1.60,0.00,0.13,0.06,6.19,132.69,26.00,89.69,1.56,99.56,-0.01,0.19,0.02,0.26,-9.66,-1.63,0.46,-0.56,0.52,-0.46,-87.84,-1.57,-99.59,
157148, 3,3,3,0,0.26,-9.45,-1.66,0.00,-0.06,0.06,6.19,132.69,26.00,89.69,1.56,99.56,0.00,0.21,-0.02,0.26,-9.66,-1.63,0.46,-0.56,0.52,-0.46,-87.84,-1.57,-99.59,
157161, 3,3,3,0,0.24,-9.47,-1.60,0.00,-0.06,0.06,6.19,132.69,26.00,89.69,1.56,99.56,-0.01,0.18,0.01,0.26,-9.66,-1.63,0.46,-0.56,0.52,-0.46,-87.84,-1.57,-99.59,
157172, 3,3,3,0,0.25,-9.48,-1.61,-0.06,-0.06,0.00,6.19,132.69,26.00,89.69,1.56,99.56,0.00,0.19,0.00,0.26,-9.66,-1.63,0.46,-0.56,0.52,-0.46,-87.84,-1.57,-99.59,
157185, 3,3,3,0,0.27,-9.47,-1.63,-0.19,0.06,-0.06,6.56,132.37,26.37,89.69,1.56,99.56,-0.01,0.20,0.02,0.26,-9.66,-1.63,0.46,-0.56,0.52,-0.46,-87.84,-1.57,-99.59,
157197, 3,3,3,0,0.25,-9.49,-1.62,0.00,0.19,0.13,6.56,132.37,26.37,89.69,1.56,99.56,-0.01,0.16,0.00,0.26,-9.66,-1.63,0.46,-0.56,0.52,-0.46,-87.84,-1.57,-99.59,
157210, 3,3,3,0,0.25,-9.46,-1.65,0.00,0.00,0.06,6.56,132.37,26.37,89.69,1.56,99.56,0.00,0.21,0.01,0.26,-9.66,-1.63,0.46,-0.56,0.52,-0.46,-87.84,-1.57,-99.59,
157222, 3,3,3,0,0.25,-9.45,-1.61,-0.06,-0.06,-0.06,6.56,132.37,26.37,89.69,1.56,99.56,0.00,0.19,-0.01,0.26,-9.66,-1.63,0.46,-0.56,0.52,-0.46,-87.84,-1.57,-99.59,
157234, 3,3,3,0,0.26,-9.47,-1.64,0.06,-0.13,-0.06,6.87,132.00,25.19,89.69,1.56,99.56,-0.02,0.20,0.00,0.26,-9.66,-1.63,0.46,-0.56,0.52,-0.46,-87.84,-1.57,-99.59,
157247, 3,3,3,0,0.25,-9.46,-1.66,-0.06,-0.13,-0.06,6.87,132.00,25.19,89.69,1.56,99.56,0.00,0.20,-0.02,0.26,-9.66,-1.63,0.46,-0.56,0.52,-0.46,-87.84,-1.57,-99.59,
157259, 3,3,3,0,0.25,-9.49,-1.63,-0.06,-0.19,-0.13,6.87,132.00,25.19,89.69,1.56,99.56,-0.01,0.16,0.00,0.26,-9.66,-1.63,0.46,-0.56,0.52,-0.46,-87.84,-1.57,-99.59,
157272, 3,3,3,0,0.25,-9.47,-1.62,-0.06,0.06,0.00,6.87,132.00,25.19,89.69,1.56,99.56,0.00,0.18,0.02,0.26,-9.66,-1.63,0.46,-0.56,0.52,-0.46,-87.84,-1.57,-99.59,
157283, 3,3,3,0,0.27,-9.48,-1.61,0.06,-0.06,0.00,5.75,132.69,26.00,89.69,1.56,99.56,-0.01,0.19,-0.02,0.26,-9.66,-1.63,0.46,-0.56,0.52,-0.46,-87.84,-1.57,-99.59,
157296, 3,3,3,0,0.24,-9.49,-1.60,-0.06,0.06,0.06,5.75,132.69,26.00,89.69,1.56,99.56,-0.02,0.17,0.02,0.26,-9.66,-1.63,0.46,-0.56,0.52,-0.46,-87.84,-1.57,-99.59,
157308, 3,3,3,0,0.25,-9.43,-1.66,-0.06,-0.06,0.13,5.75,132.69,26.00,89.69,1.56,99.56,-0.01,0.23,-0.02,0.26,-9.66,-1.63,0.46,-0.56,0.52,-0.46,-87.84,-1.57,-99.59,
157321, 3,3,3,0,0.26,-9.47,-1.62,-0.06,0.13,0.00,5.75,132.69,26.00,89.69,1.56,99.56,0.00,0.19,0.01,0.26,-9.66,-1.63,0.46,-0.56,0.52,-0.46,-87.84,-1.57,-99.59,
157333, 3,3,3,0,0.27,-9.46,-1.61,-0.06,0.06,0.06,5.37,132.69,27.19,89.69,1.56,99.56,-0.02,0.20,0.00,0.26,-9.66,-1.63,0.46,-0.56,0.52,-0.46,-87.84,-1.57,-99.59,
157346, 3,3,3,0,0.24,-9.45,-1.63,-0.06,0.00,-0.06,5.37,132.69,27.19,89.69,1.56,99.56,-0.01,0.20,-0.03,0.26,-9.66,-1.63,0.46,-0.56,0.52,-0.46,-87.84,-1.57,-99.59,
157358, 3,3,3,0,0.25,-9.47,-1.62,-0.06,0.00,0.06,5.37,132.69,27.19,89.69,1.56,99.56,-0.01,0.18,0.00,0.26,-9.66,-1.63,0.46,-0.56,0.52,-0.46,-87.84,-1.57,-99.59,
157371, 3,3,3,0,0.26,-9.50,-1.64,-0.06,0.00,-0.06,5.37,132.69,27.19,89.69,1.56,99.56,0.00,0.17,0.02,0.26,-9.66,-1.63,0.46,-0.56,0.52,-0.46,-87.84,-1.57,-99.59,
157382, 3,3,3,0,0.27,-9.48,-1.61,0.00,0.06,0.00,5.37,132.69,27.19,89.69,1.56,99.56,-0.02,0.20,0.01,0.26,-9.66,-1.63,0.46,-0.56,0.52,-0.46,-87.84,-1.57,-99.59,
157394, 3,3,3,0,0.24,-9.45,-1.61,0.00,0.19,0.13,5.75,132.69,26.00,89.69,1.56,99.56,-0.01,0.16,0.00,0.26,-9.66,-1.63,0.46,-0.56,0.52,-0.46,-87.84,-1.57,-99.59,
157406, 3,3,3,0,0.23,-9.46,-1.61,-0.13,0.00,0.06,5.75,132.69,26.00,89.69,1.56,99.56,-0.03,0.19,0.01,0.26,-9.66,-1.63,0.46,-0.56,0.52,-0.46,-87.84,-1.57,-99.59,
157419, 3,3,3,0,0.26,-9.47,-1.62,-0.13,0.00,0.13,5.75,132.69,26.00,89.69,1.56,99.56,0.00,0.18,0.00,0.26,-9.66,-1.63,0.46,-0.56,0.52,-0.46,-87.84,-1.57,-99.59,
157430, 3,3,3,0,0.25,-9.46,-1.60,0.00,0.00,0.06,5.75,132.69,26.00,89.69,1.56,99.56,-0.01,0.19,0.02,0.26,-9.66,-1.63,0.46,-0.56,0.52,-0.46,-87.84,-1.57,-99.59,
157442, 3,3,3,0,0.25,-9.46,-1.61,-0.06,-0.13,0.06,5.06,132.37,26.75,89.69,1.56,99.56,-0.01,0.18,0.00,0.26,-9.66,-1.63,0.46,-0.56,0.52,-0.46,-87.84,-1.57,-99.59,
157455, 3,3,3,0,0.25,-9.48,-1.62,0.06,0.00,-0.13,5.06,132.37,26.75,89.69,1.56,99.56,-0.01,0.16,0.00,0.26,-9.66,-1.63,0.46,-0.56,0.52,-0.46,-87.84,-1.57,-99.59,
157467, 3,3,3,0,0.27,-9.48,-1.61,-0.13,-0.06,0.06,5.06,132.37,26.75,89.69,1.56,99.56,0.00,0.18,0.02,0.26,-9.66,-1.63,0.46,-0.56,0.52,-0.46,-87.84,-1.57,-99.59,
157478, 3,3,3,0,0.24,-9.45,-1.61,0.00,0.13,0.00,5.06,132.37,26.75,89.69,1.56,99.56,-0.02,0.20,0.01,0.26,-9.66,-1.63,0.46,-0.56,0.52,-0.46,-87.84,-1.57,-99.59,
157490, 3,3,3,0,0.24,-9.45,-1.61,0.06,-0.13,0.06,6.19,132.37,26.00,89.69,1.56,99.56,-0.02,0.21,0.02,0.26,-9.66,-1.63,0.46,-0.56,0.52,-0.46,-87.84,-1.57,-99.59,
157503, 3,3,3,0,0.25,-9.48,-1.63,0.00,0.06,-0.06,6.19,132.37,26.00,89.69,1.56,99.56,-0.01,0.16,0.01,0.26,-9.66,-1.63,0.46,-0.56,0.52,-0.46,-87.84,-1.57,-99.59,
157515, 3,3,3,0,0.25,-9.50,-1.62,0.00,0.13,0.19,6.19,132.37,26.00,89.69,1.56,99.56,0.00,0.19,0.01,0.26,-9.66,-1.63,0.46,-0.56,0.52,-0.46,-87.84,-1.57,-99.59,
157525, 3,3,3,0,0.25,-9.48,-1.61,-0.06,0.00,0.00,6.19,132.37,26.00,89.69,1.56,99.56,-0.01,0.18,0.01,0.26,-9.66,-1.63,0.46,-0.56,0.52,-0.46,-87.84,-1.57,-99.59,
157537, 3,3,3,0,0.24,-9.47,-1.62,0.06,0.00,0.13,4.69,132.00,26.00,89.69,1.56,99.56,-0.02,0.18,0.00,0.26,-9.66,-1.63,0.46,-0.56,0.52,-0.46,-87.84,-1.57,-99.59,
157550, 3,3,3,0,0.25,-9.47,-1.60,0.00,-0.06,0.00,4.69,132.00,26.00,89.69,1.56,99.56,0.00,0.19,0.02,0.26,-9.66,-1.63,0.46,-0.56,0.52,-0.46,-87.84,-1.57,-99.59,
157562, 3,3,3,0,0.25,-9.49,-1.63,-0.06,-0.13,0.25,4.69,132.00,26.00,89.69,1.56,99.56,0.00,0.16,-0.01,0.26,-9.66,-1.63,0.46,-0.56,0.52,-0.46,-87.84,-1.57,-99.59,
157574, 3,3,3,0,0.27,-9.50,-1.64,0.00,0.00,-0.13,4.69,132.00,26.00,89.69,1.56,99.56,-0.01,0.22,-0.01,0.26,-9.66,-1.63,0.46,-0.56,0.52,-0.46,-87.84,-1.57,-99.59,
157586, 3,3,3,0,0.25,-9.44,-1.64,-0.06,0.00,-0.06,6.19,132.69,26.00,89.69,1.56,99.56,0.00,0.19,0.00,0.26,-9.66,-1.63,0.46,-0.56,0.52,-0.46,-87.84,-1.57,-99.59,
157599, 3,3,3,0,0.23,-9.47,-1.63,0.00,-0.06,-0.13,6.19,132.69,26.00,89.69,1.56,99.56,-0.03,0.19,0.00,0.26,-9.66,-1.63,0.46,-0.56,0.52,-0.46,-87.84,-1.57,-99.59,
157611, 3,3,3,0,0.25,-9.48,-1.62,-0.06,0.00,0.13,6.19,132.69,26.00,89.69,1.56,99.56,0.00,0.20,0.00,0.26,-9.66,-1.63,0.46,-0.56,0.52,-0.46,-87.84,-1.57,-99.59,
157623, 3,3,3,0,0.25,-9.46,-1.62,-0.06,-0.06,0.06,6.19,132.69,26.00,89.69,1.56,99.56,0.00,0.17,0.00,0.26,-9.66,-1.63,0.46,-0.56,0.52,-0.46,-87.84,-1.57,-99.59,
157635, 3,3,3,0,0.26,-9.48,-1.62,0.06,0.06,0.00,5.37,133.37,25.56,89.69,1.56,99.56,-0.04,0.20,0.03,0.26,-9.66,-1.63,0.46,-0.56,0.52,-0.46,-87.84,-1.57,-99.59,
157648, 3,3,3,0,0.27,-9.47,-1.62,-0.06,0.13,-0.06,5.37,133.37,25.56,89.69,1.56,99.56,0.00,0.19,0.01,0.26,-9.66,-1.63,0.46,-0.56,0.52,-0.46,-87.84,-1.57,-99.59,
157660, 3,3,3,0,0.25,-9.47,-1.64,0.00,0.06,0.00,5.37,133.37,25.56,89.69,1.56,99.56,0.00,0.19,-0.01,0.26,-9.66,-1.63,0.46,-0.56,0.52,-0.46,-87.84,-1.57,-99.59,
157673, 3,3,3,0,0.25,-9.45,-1.62,0.00,0.00,0.00,5.37,133.37,25.56,89.69,1.56,99.56,-0.01,0.20,0.01,0.26,-9.66,-1.63,0.46,-0.56,0.52,-0.46,-87.84,-1.57,-99.59,
157684, 3,3,3,0,0.25,-9.46,-1.62,0.00,-0.06,0.06,5.75,132.00,27.56,89.69,1.56,99.56,-0.02,0.19,0.00,0.26,-9.66,-1.63,0.46,-0.56,0.52,-0.46,-87.84,-1.57,-99.59,
157696, 3,3,3,0,0.24,-9.47,-1.62,-0.06,0.06,0.06,5.75,132.00,27.56,89.69,1.56,99.56,-0.04,0.20,0.00,0.26,-9.66,-1.63,0.46,-0.56,0.52,-0.46,-87.84,-1.57,-99.59,
157709, 3,3,3,0,0.26,-9.48,-1.66,0.00,-0.13,-0.13,5.75,132.00,27.56,89.69,1.56,99.56,0.00,0.17,-0.03,0.26,-9.66,-1.63,0.46,-0.56,0.52,-0.46,-87.84,-1.57,-99.59,
157722, 3,3,3,0,0.26,-9.45,-1.60,0.06,0.00,-0.06,5.75,132.00,27.56,89.69,1.56,99.56,0.00,0.15,0.01,0.26,-9.66,-1.63,0.46,-0.56,0.52,-0.46,-87.84,-1.57,-99.59,
157733, 3,3,3,0,0.26,-9.51,-1.61,0.00,-0.19,-0.06,5.75,132.00,27.56,89.69,1.56,99.56,-0.02,0.21,0.00,0.26,-9.66,-1.63,0.46,-0.56,0.52,-0.46,-87.84,-1.57,-99.59,
157745, 3,3,3,0,0.24,-9.44,-1.62,-0.13,0.00,0.06,5.75,132.37,26.75,89.69,1.56,99.56,-0.02,0.18,0.01,0.26,-9.66,-1.63,0.46,-0.56,0.52,-0.46,-87.84,-1.57,-99.59,
157757, 3,3,3,0,0.25,-9.47,-1.61,-0.13,-0.19,-0.06,5.75,132.37,26.75,89.69,1.56,99.56,-0.01,0.18,0.01,0.26,-9.66,-1.63,0.46,-0.56,0.52,-0.46,-87.84,-1.57,-99.59,
157770, 3,3,3,0,0.25,-9.47,-1.64,0.06,-0.19,0.00,5.75,132.37,26.75,89.69,1.56,99.56,-0.01,0.19,-0.01,0.26,-9.66,-1.63,0.46,-0.56,0.52,-0.46,-87.84,-1.57,-99.59,
157781, 3,3,3,0,0.25,-9.47,-1.62,-0.13,-0.06,0.13,5.75,132.37,26.75,89.69,1.56,99.56,0.00,0.19,0.00,0.26,-9.66,-1.63,0.46,-0.56,0.52,-0.46,-87.84,-1.57,-99.59,
157793, 3,3,3,0,0.24,-9.46,-1.62,0.00,-0.19,-0.06,5.75,133.06,26.00,89.69,1.56,99.56,0.00,0.19,0.00,0.26,-9.66,-1.63,0.46,-0.56,0.52,-0.46,-87.84,-1.57,-99.59,
157805, 3,3,3,0,0.25,-9.46,-1.62,-0.06,-0.13,-0.06,5.75,133.06,26.00,89.69,1.56,99.56,0.00,0.19,-0.02,0.26,-9.66,-1.63,0.46,-0.56,0.52,-0.46,-87.84,-1.57,-99.59,
157818, 3,3,3,0,0.25,-9.48,-1.64,-0.06,-0.25,0.06,5.75,133.06,26.00,89.69,1.56,99.56,-0.01,0.18,-0.01,0.26,-9.66,-1.63,0.46,-0.56,0.52,-0.46,-87.84,-1.57,-99.59,
157828, 3,3,3,0,0.25,-9.46,-1.62,-0.06,-0.06,-0.06,5.75,133.06,26.00,89.69,1.56,99.56,0.00,0.19,0.01,0.26,-9.66,-1.63,0.46,-0.56,0.52,-0.46,-87.84,-1.57,-99.59,
157841, 3,3,3,0,0.24,-9.48,-1.60,-0.13,0.13,0.00,6.19,132.37,25.56,89.69,1.56,99.56,-0.02,0.17,0.02,0.26,-9.66,-1.63,0.46,-0.56,0.52,-0.46,-87.84,-1.57,-99.59,
157853, 3,3,3,0,0.25,-9.46,-1.63,-0.13,0.13,0.06,6.19,132.37,25.56,89.69,1.56,99.56,-0.03,0.16,0.00,0.26,-9.66,-1.63,0.46,-0.56,0.52,-0.46,-87.84,-1.57,-99.59,
157866, 3,3,3,0,0.23,-9.50,-1.62,-0.06,-0.06,0.00,6.19,132.37,25.56,89.69,1.56,99.56,-0.01,0.17,0.02,0.26,-9.66,-1.63,0.46,-0.56,0.52,-0.46,-87.84,-1.57,-99.59,
157876, 3,3,3,0,0.26,-9.49,-1.61,-0.06,0.00,-0.06,6.19,132.37,25.56,89.69,1.56,99.56,0.00,0.16,0.02,0.26,-9.66,-1.63,0.46,-0.56,0.52,-0.46,-87.84,-1.57,-99.59,
157888, 3,3,3,0,0.23,-9.44,-1.60,-0.06,0.00,-0.06,5.75,133.06,27.19,89.69,1.56,99.56,-0.03,0.21,0.02,0.26,-9.66,-1.63,0.46,-0.56,0.52,-0.46,-87.84,-1.57,-99.59,
157901, 3,3,3,0,0.25,-9.48,-1.65,-0.13,0.13,-0.06,5.75,133.06,27.19,89.69,1.56,99.56,0.00,0.17,-0.01,0.26,-9.66,-1.63,0.46,-0.56,0.52,-0.46,-87.84,-1.57,-99.59,
157913, 3,3,3,0,0.25,-9.46,-1.62,-0.06,0.00,0.00,5.75,133.06,27.19,89.69,1.56,99.56,-0.01,0.16,0.00,0.26,-9.66,-1.63,0.46,-0.56,0.52,-0.46,-87.84,-1.57,-99.59,
157925, 3,3,3,0,0.25,-9.50,-1.63,-0.06,-0.06,0.00,5.75,133.06,27.19,89.69,1.56,99.56,-0.01,0.17,0.02,0.26,-9.66,-1.63,0.46,-0.56,0.52,-0.46,-87.84,-1.57,-99.59,
157937, 3,3,3,0,0.25,-9.49,-1.60,-0.06,0.13,-0.06,6.19,132.69,26.00,89.69,1.56,99.56,0.00,0.17,0.00,0.26,-9.66,-1.63,0.46,-0.56,0.52,-0.46,-87.84,-1.57,-99.59,
157950, 3,3,3,0,0.25,-9.44,-1.62,-0.13,0.06,-0.06,6.19,132.69,26.00,89.69,1.56,99.56,-0.01,0.21,0.01,0.26,-9.66,-1.63,0.46,-0.56,0.52,-0.46,-87.84,-1.57,-99.59,
157963, 3,3,3,0,0.23,-9.48,-1.64,0.00,0.00,-0.19,6.19,132.69,26.00,89.69,1.56,99.56,0.00,0.19,0.01,0.26,-9.66,-1.63,0.46,-0.56,0.52,-0.46,-87.84,-1.57,-99.59,
157974, 3,3,3,0,0.27,-9.47,-1.62,-0.13,0.00,0.00,6.19,132.69,26.00,89.69,1.56,99.56,0.00,0.18,0.00,0.26,-9.66,-1.63,0.46,-0.56,0.52,-0.46,-87.84,-1.57,-99.59,
157986, 3,3,3,0,0.25,-9.47,-1.62,0.00,-0.13,0.00,5.37,132.00,27.56,89.69,1.56,99.56,-0.02,0.19,0.00,0.26,-9.66,-1.63,0.46,-0.56,0.52,-0.46,-87.84,-1.57,-99.59,
157999, 3,3,3,0,0.23,-9.46,-1.62,0.00,-0.06,-0.06,5.37,132.00,27.56,89.69,1.56,99.56,-0.03,0.20,0.00,0.26,-9.66,-1.63,0.46,-0.56,0.52,-0.46,-87.84,-1.57,-99.59,
158011, 3,3,3,0,0.27,-9.44,-1.65,-0.13,0.06,-0.06,5.37,132.00,27.56,89.69,1.56,99.56,0.00,0.22,-0.02,0.26,-9.66,-1.63,0.46,-0.56,0.52,-0.46,-87.84,-1.57,-99.59,
158024, 3,3,3,0,0.25,-9.48,-1.63,0.00,0.00,-0.13,5.37,132.00,27.56,89.69,1.56,99.56,0.00,0.18,0.00,0.26,-9.66,-1.63,0.46,-0.56,0.52,-0.46,-87.84,-1.57,-99.59,
158036, 3,3,3,0,0.25,-9.48,-1.63,-0.06,0.06,0.00,5.75,132.69,25.19,89.69,1.56,99.56,-0.03,0.21,0.00,0.26,-9.66,-1.63,0.46,-0.56,0.52,-0.46,-87.84,-1.57,-99.59,
158048, 3,3,3,0,0.24,-9.45,-1.58,-0.13,-0.06,-0.06,5.75,132.69,25.19,89.69,1.56,99.56,-0.02,0.21,0.04,0.26,-9.66,-1.63,0.46,-0.56,0.52,-0.46,-87.84,-1.57,-99.59,
158061, 3,3,3,0,0.26,-9.47,-1.62,-0.13,-0.13,0.00,5.75,132.69,25.19,89.69,1.56,99.56,0.00,0.18,0.00,0.26,-9.66,-1.63,0.46,-0.56,0.52,-0.46,-87.84,-1.57,-99.59,
158074, 3,3,3,0,0.27,-9.47,-1.66,0.06,0.13,-0.06,5.75,132.69,25.19,89.69,1.56,99.56,-0.01,0.18,0.00,0.26,-9.66,-1.63,0.46,-0.56,0.52,-0.46,-87.84,-1.57,-99.59,
158085, 3,3,3,0,0.25,-9.48,-1.62,0.00,0.06,-0.06,5.37,133.06,26.75,89.69,1.56,99.56,-0.01,0.19,0.00,0.26,-9.66,-1.63,0.46,-0.56,0.52,-0.46,-87.84,-1.57,-99.59,
158097, 3,3,3,0,0.25,-9.47,-1.62,-0.06,-0.13,0.00,5.37,133.06,26.75,89.69,1.56,99.56,-0.03,0.19,0.02,0.26,-9.66,-1.63,0.46,-0.56,0.52,-0.46,-87.84,-1.57,-99.59,
158109, 3,3,3,0,0.28,-9.46,-1.66,-0.06,0.06,0.00,5.37,133.06,26.75,89.69,1.56,99.56,0.01,0.19,-0.02,0.26,-9.66,-1.63,0.46,-0.56,0.52,-0.46,-87.84,-1.57,-99.59,
158122, 3,3,3,0,0.25,-9.46,-1.63,-0.06,0.06,-0.06,5.37,133.06,26.75,89.69,1.56,99.56,-0.01,0.20,0.00,0.26,-9.66,-1.63,0.46,-0.56,0.52,-0.46,-87.84,-1.57,-99.59,
158132, 3,3,3,0,0.25,-9.47,-1.63,-0.06,0.00,-0.13,5.37,133.06,26.75,89.69,1.56,99.56,-0.02,0.20,0.03,0.26,-9.66,-1.63,0.46,-0.56,0.52,-0.46,-87.84,-1.57,-99.59,
158145, 3,3,3,0,0.24,-9.46,-1.59,0.00,-0.06,-0.06,5.37,132.37,26.00,89.69,1.56,99.56,-0.01,0.19,0.00,0.26,-9.66,-1.63,0.46,-0.56,0.52,-0.46,-87.84,-1.57,-99.59,
158157, 3,3,3,0,0.25,-9.47,-1.62,-0.06,-0.13,0.06,5.37,132.37,26.00,89.69,1.56,99.56,-0.01,0.19,-0.02,0.26,-9.66,-1.63,0.46,-0.56,0.52,-0.46,-87.84,-1.57,-99.59,
158169, 3,3,3,0,0.24,-9.50,-1.62,0.06,0.06,0.13,5.37,132.37,26.00,89.69,1.56,99.56,-0.02,0.15,0.01,0.26,-9.66,-1.63,0.46,-0.56,0.52,-0.46,-87.84,-1.57,-99.59,
158179, 3,3,3,0,0.25,-9.49,-1.62,0.00,0.00,0.13,5.37,132.37,26.00,89.69,1.56,99.56,0.00,0.17,0.00,0.26,-9.66,-1.63,0.46,-0.56,0.52,-0.46,-87.84,-1.57,-99.59,
158192, 3,3,3,0,0.27,-9.48,-1.59,0.00,-0.06,0.13,6.19,131.56,26.75,89.69,1.56,99.56,0.00,0.17,0.03,0.26,-9.66,-1.63,0.46,-0.56,0.52,-0.46,-87.84,-1.57,-99.59,
158205, 3,3,3,0,0.23,-9.46,-1.63,0.06,-0.13,0.13,6.19,131.56,26.75,89.69,1.56,99.56,0.00,0.18,-0.02,0.26,-9.66,-1.63,0.46,-0.56,0.52,-0.46,-87.84,-1.57,-99.59,
158217, 3,3,3,0,0.26,-9.48,-1.65,-0.13,-0.31,0.00,6.19,131.56,26.75,89.69,1.56,99.56,-0.03,0.22,0.01,0.26,-9.66,-1.63,0.46,-0.56,0.52,-0.46,-87.84,-1.57,-99.59,
158227, 3,3,3,0,0.28,-9.48,-1.59,0.00,-0.25,0.00,6.19,131.56,26.75,89.69,1.56,99.56,0.01,0.18,0.03,0.26,-9.66,-1.63,0.46,-0.56,0.52,-0.46,-87.84,-1.57,-99.59,
158239, 3,3,3,0,0.25,-9.46,-1.61,0.00,-0.06,-0.06,5.06,132.00,26.37,89.69,1.56,99.56,-0.01,0.19,0.01,0.26,-9.66,-1.63,0.46,-0.56,0.52,-0.46,-87.84,-1.57,-99.59,
158252, 3,3,3,0,0.24,-9.49,-1.60,0.06,-0.06,0.00,5.06,132.00,26.37,89.69,1.56,99.56,-0.02,0.17,0.02,0.26,-9.66,-1.63,0.46,-0.56,0.52,-0.46,-87.84,-1.57,-99.59,
158265, 3,3,3,0,0.22,-9.44,-1.65,0.00,-0.13,0.06,5.06,132.00,26.37,89.69,1.56,99.56,0.00,0.16,0.03,0.26,-9.66,-1.63,0.46,-0.56,0.52,-0.46,-87.84,-1.57,-99.59,
158276, 3,3,3,0,0.25,-9.49,-1.59,0.00,-0.06,-0.13,5.06,132.00,26.37,89.69,1.56,99.56,0.00,0.20,0.03,0.26,-9.66,-1.63,0.46,-0.56,0.52,-0.46,-87.84,-1.57,-99.59,
158288, 3,3,3,0,0.26,-9.46,-1.59,0.06,-0.06,0.00,6.56,131.56,26.75,89.69,1.56,99.56,0.00,0.21,0.02,0.26,-9.66,-1.63,0.46,-0.56,0.52,-0.46,-87.84,-1.57,-99.59,
158301, 3,3,3,0,0.25,-9.46,-1.65,0.06,-0.06,0.19,6.56,131.56,26.75,89.69,1.56,99.56,-0.01,0.20,-0.02,0.26,-9.66,-1.63,0.46,-0.56,0.52,-0.46,-87.84,-1.57,-99.59,
158314, 3,3,3,0,0.25,-9.46,-1.64,0.06,0.00,0.06,6.56,131.56,26.75,89.69,1.56,99.56,-0.02,0.18,0.01,0.26,-9.66,-1.63,0.46,-0.56,0.52,-0.46,-87.84,-1.57,-99.59,
158326, 3,3,3,0,0.24,-9.48,-1.61,0.00,0.06,0.13,6.56,131.56,26.75,89.69,1.56,99.56,-0.02,0.19,0.02,0.26,-9.66,-1.63,0.46,-0.56,0.52,-0.46,-87.84,-1.57,-99.59,
158338, 3,3,3,0,0.24,-9.47,-1.61,0.06,0.00,0.00,6.87,132.69,26.75,89.69,1.56,99.56,0.00,0.16,0.04,0.26,-9.66,-1.63,0.46,-0.56,0.52,-0.46,-87.84,-1.57,-99.59,
158350, 3,3,3,0,0.23,-9.46,-1.66,0.06,0.13,0.06,6.87,132.69,26.75,89.69,1.56,99.56,-0.03,0.19,-0.02,0.26,-9.66,-1.63,0.46,-0.56,0.52,-0.46,-87.84,-1.57,-99.59,
158363, 3,3,3,0,0.25,-9.46,-1.63,0.06,0.13,0.06,6.87,132.69,26.75,89.69,1.56,99.56,-0.01,0.20,0.00,0.26,-9.66,-1.63,0.46,-0.56,0.52,-0.46,-87.84,-1.57,-99.59,
158375, 3,3,3,0,0.25,-9.48,-1.63,-0.13,-0.06,0.06,6.87,132.69,26.75,89.69,1.56,99.56,0.00,0.18,0.04,0.26,-9.66,-1.63,0.46,-0.56,0.52,-0.46,-87.84,-1.57,-99.59,
158387, 3,3,3,0,0.26,-9.48,-1.58,0.00,-0.19,-0.06,5.75,132.69,26.75,89.69,1.56,99.56,-0.03,0.23,0.00,0.26,-9.66,-1.63,0.46,-0.56,0.52,-0.46,-87.84,-1.57,-99.59,
158399, 3,3,3,0,0.25,-9.48,-1.62,0.00,-0.31,0.00,5.75,132.69,26.75,89.69,1.56,99.56,-0.01,0.17,0.01,0.26,-9.66,-1.63,0.46,-0.56,0.52,-0.46,-87.84,-1.57,-99.59,
158412, 3,3,3,0,0.26,-9.45,-1.66,0.06,-0.13,0.00,5.75,132.69,26.75,89.69,1.56,99.56,0.00,0.20,-0.02,0.26,-9.66,-1.63,0.46,-0.56,0.52,-0.46,-87.84,-1.57,-99.59,
158425, 3,3,3,0,0.24,-9.48,-1.63,0.00,-0.25,0.13,5.75,132.69,26.75,89.69,1.56,99.56,-0.03,0.19,0.00,0.26,-9.66,-1.63,0.46,-0.56,0.52,-0.46,-87.84,-1.57,-99.59,
158436, 3,3,3,0,0.23,-9.46,-1.62,0.00,-0.13,0.06,5.75,131.19,26.37,89.69,1.56,99.56,0.00,0.18,0.00,0.26,-9.66,-1.63,0.46,-0.56,0.52,-0.46,-87.84,-1.57,-99.59,
158448, 3,3,3,0,0.26,-9.47,-1.64,-0.13,0.00,-0.06,5.75,131.19,26.37,89.69,1.56,99.56,-0.04,0.19,-0.01,0.26,-9.66,-1.63,0.46,-0.56,0.52,-0.46,-87.84,-1.57,-99.59,
158461, 3,3,3,0,0.24,-9.49,-1.66,0.00,-0.13,0.00,5.75,131.19,26.37,89.69,1.56,99.56,-0.02,0.17,-0.03,0.26,-9.66,-1.63,0.46,-0.56,0.52,-0.46,-87.84,-1.57,-99.59,
158474, 3,3,3,0,0.25,-9.45,-1.63,0.00,-0.13,0.00,5.75,131.19,26.37,89.69,1.56,99.56,-0.01,0.16,0.03,0.26,-9.66,-1.63,0.46,-0.56,0.52,-0.46,-87.84,-1.57,-99.59,
158485, 3,3,3,0,0.25,-9.49,-1.59,0.06,0.00,-0.06,5.75,131.19,26.37,89.69,1.56,99.56,0.00,0.21,0.00,0.26,-9.66,-1.63,0.46,-0.56,0.52,-0.46,-87.84,-1.57,-99.59,
158497, 3,3,3,0,0.26,-9.45,-1.64,0.06,0.19,0.00,5.37,131.56,26.37,89.69,1.56,99.56,-0.01,0.16,0.02,0.26,-9.66,-1.63,0.46,-0.56,0.52,-0.46,-87.84,-1.57,-99.59,
158509, 3,3,3,0,0.26,-9.44,-1.66,-0.06,0.00,0.13,5.37,131.56,26.37,89.69,1.56,99.56,0.00,0.21,-0.03,0.26,-9.66,-1.63,0.46,-0.56,0.52,-0.46,-87.84,-1.57,-99.59,
158522, 3,3,3,0,0.25,-9.48,-1.62,0.00,-0.06,0.00,5.37,131.56,26.37,89.69,1.56,99.56,-0.01,0.18,0.00,0.26,-9.66,-1.63,0.46,-0.56,0.52,-0.46,-87.84,-1.57,-99.59,
158533, 3,3,3,0,0.25,-9.49,-1.62,0.06,0.06,0.00,5.37,131.56,26.37,89.69,1.56,99.56,-0.01,0.17,0.00,0.26,-9.66,-1.63,0.46,-0.56,0.52,-0.46,-87.84,-1.57,-99.59,
158546, 3,3,3,0,0.26,-9.49,-1.62,0.00,0.13,0.13,5.37,131.56,26.75,89.69,1.56,99.56,-0.02,0.18,0.01,0.26,-9.66,-1.63,0.46,-0.56,0.52,-0.46,-87.84,-1.57,-99.59,
158558, 3,3,3,0,0.24,-9.47,-1.62,0.06,0.00,-0.06,5.37,131.56,26.75,89.69,1.56,99.56,-0.02,0.20,0.00,0.26,-9.66,-1.63,0.46,-0.56,0.52,-0.46,-87.84,-1.57,-99.59,
158570, 3,3,3,0,0.26,-9.49,-1.63,-0.06,0.06,0.06,5.37,131.56,26.75,89.69,1.56,99.56,0.00,0.17,0.00,0.26,-9.66,-1.63,0.46,-0.56,0.52,-0.46,-87.84,-1.57,-99.59,
158580, 3,3,3,0,0.25,-9.46,-1.62,-0.06,0.13,0.13,5.37,131.56,26.75,89.69,1.56,99.56,0.00,0.19,0.01,0.26,-9.66,-1.63,0.46,-0.56,0.52,-0.46,-87.84,-1.57,-99.59,
158592, 3,3,3,0,0.22,-9.47,-1.61,0.06,0.00,-0.06,5.75,132.37,26.37,89.69,1.56,99.56,-0.04,0.19,0.02,0.26,-9.66,-1.63,0.46,-0.56,0.52,-0.46,-87.84,-1.57,-99.59,
158605, 3,3,3,0,0.25,-9.46,-1.61,0.00,-0.19,0.00,5.75,132.37,26.37,89.69,1.56,99.56,-0.03,0.19,-0.02,0.26,-9.66,-1.63,0.46,-0.56,0.52,-0.46,-87.84,-1.57,-99.59,
158617, 3,3,3,0,0.23,-9.46,-1.66,0.00,0.00,0.00,5.75,132.37,26.37,89.69,1.56,99.56,-0.02,0.18,0.02,0.26,-9.66,-1.63,0.46,-0.56,0.52,-0.46,-87.84,-1.57,-99.59,
158628, 3,3,3,0,0.26,-9.48,-1.62,0.06,0.06,0.06,5.75,132.37,26.37,89.69,1.56,99.56,0.00,0.17,0.01,0.26,-9.66,-1.63,0.46,-0.56,0.52,-0.46,-87.84,-1.57,-99.59,
158640, 3,3,3,0,0.25,-9.46,-1.61,-0.06,-0.06,-0.19,5.06,132.69,26.00,89.69,1.56,99.56,0.00,0.20,0.02,0.26,-9.66,-1.63,0.46,-0.56,0.52,-0.46,-87.84,-1.57,-99.59,
158653, 3,3,3,0,0.25,-9.46,-1.63,0.00,0.00,0.06,5.06,132.69,26.00,89.69,1.56,99.56,0.00,0.19,0.00,0.26,-9.66,-1.63,0.46,-0.56,0.52,-0.46,-87.84,-1.57,-99.59,
158666, 3,3,3,0,0.23,-9.45,-1.65,-0.13,0.19,0.00,5.06,132.69,26.00,89.69,1.56,99.56,0.00,0.17,0.01,0.26,-9.66,-1.63,0.46,-0.56,0.52,-0.46,-87.84,-1.57,-99.59,
158677, 3,3,3,0,0.26,-9.48,-1.62,0.00,0.06,0.06,5.06,132.69,26.00,89.69,1.56,99.56,-0.02,0.17,0.02,0.26,-9.66,-1.63,0.46,-0.56,0.52,-0.46,-87.84,-1.57,-99.59,
158690, 3,3,3,0,0.24,-9.49,-1.61,0.06,0.19,0.06,5.75,132.37,27.56,89.69,1.56,99.56,-0.03,0.19,0.01,0.26,-9.66,-1.63,0.46,-0.56,0.52,-0.46,-87.84,-1.57,-99.59,
158702, 3,3,3,0,0.24,-9.45,-1.61,0.00,-0.06,0.00,5.75,132.37,27.56,89.69,1.56,99.56,-0.02,0.20,0.02,0.26,-9.66,-1.63,0.46,-0.56,0.52,-0.46,-87.84,-1.57,-99.59,
158715, 3,3,3,0,0.26,-9.49,-1.61,-0.13,0.13,0.13,5.75,132.37,27.56,89.69,1.56,99.56,-0.02,0.19,0.00,0.26,-9.66,-1.63,0.46,-0.56,0.52,-0.46,-87.84,-1.57,-99.59,
158727, 3,3,3,0,0.24,-9.47,-1.63,0.00,0.06,0.13,5.75,132.37,27.56,89.69,1.56,99.56,0.01,0.17,0.02,0.26,-9.66,-1.63,0.46,-0.56,0.52,-0.46,-87.84,-1.57,-99.59,
158739, 3,3,3,0,0.28,-9.49,-1.61,-0.06,0.13,0.00,6.19,132.37,25.19,89.69,1.56,99.56,0.00,0.19,0.00,0.26,-9.66,-1.63,0.46,-0.56,0.52,-0.46,-87.84,-1.57,-99.59,
158752, 3,3,3,0,0.27,-9.47,-1.66,0.06,0.00,0.06,6.19,132.37,25.19,89.69,1.56,99.56,0.00,0.19,-0.03,0.26,-9.66,-1.63,0.46,-0.56,0.52,-0.46,-87.84,-1.57,-99.59,
158764, 3,3,3,0,0.24,-9.44,-1.62,0.06,0.13,0.13,6.19,132.37,25.19,89.69,1.56,99.56,-0.02,0.21,0.01,0.26,-9.66,-1.63,0.46,-0.56,0.52,-0.46,-87.84,-1.57,-99.59,
158777, 3,3,3,0,0.25,-9.48,-1.60,0.00,0.37,0.06,6.19,132.37,25.19,89.69,1.56,99.56,0.00,0.19,0.00,0.26,-9.66,-1.63,0.46,-0.56,0.52,-0.46,-87.84,-1.57,-99.59,
158788, 3,3,3,0,0.26,-9.46,-1.63,0.00,-0.13,0.00,5.75,131.56,26.37,89.69,1.56,99.56,-0.01,0.16,0.01,0.26,-9.66,-1.63,0.46,-0.56,0.52,-0.46,-87.84,-1.57,-99.59,
158801, 3,3,3,0,0.24,-9.45,-1.63,0.06,0.00,0.06,5.75,131.56,26.37,89.69,1.56,99.56,-0.02,0.20,0.00,0.26,-9.66,-1.63,0.46,-0.56,0.52,-0.46,-87.84,-1.57,-99.59,
158813, 3,3,3,0,0.26,-9.44,-1.65,0.00,-0.06,0.06,5.75,131.56,26.37,89.69,1.56,99.56,0.00,0.22,-0.02,0.26,-9.66,-1.63,0.46,-0.56,0.52,-0.46,-87.84,-1.57,-99.59,
158826, 3,3,3,0,0.25,-9.44,-1.61,0.00,-0.06,0.06,5.75,131.56,26.37,89.69,1.56,99.56,-0.01,0.17,0.00,0.26,-9.66,-1.63,0.46,-0.56,0.52,-0.46,-87.84,-1.57,-99.59,
158838, 3,3,3,0,0.25,-9.49,-1.63,0.00,0.00,0.06,5.75,132.37,27.19,89.69,1.56,99.56,-0.02,0.22,0.00,0.26,-9.66,-1.63,0.46,-0.56,0.52,-0.46,-87.84,-1.57,-99.59,
158851, 3,3,3,0,0.26,-9.46,-1.65,-0.06,0.06,-0.06,5.75,132.37,27.19,89.69,1.56,99.56,0.00,0.19,-0.01,0.26,-9.66,-1.63,0.46,-0.56,0.52,-0.46,-87.84,-1.57,-99.59,
158863, 3,3,3,0,0.25,-9.48,-1.65,-0.06,0.06,0.06,5.75,132.37,27.19,89.69,1.56,99.56,-0.01,0.17,-0.01,0.26,-9.66,-1.63,0.46,-0.56,0.52,-0.46,-87.84,-1.57,-99.59,
158876, 3,3,3,0,0.24,-9.47,-1.61,0.06,-0.06,0.06,5.75,132.37,27.19,89.69,1.56,99.56,0.00,0.16,0.03,0.26,-9.66,-1.63,0.46,-0.56,0.52,-0.46,-87.84,-1.57,-99.59,
158887, 3,3,3,0,0.26,-9.50,-1.59,0.06,0.31,-0.13,5.75,132.37,27.19,89.69,1.56,99.56,-0.05,0.11,0.05,0.26,-9.66,-1.63,0.46,-0.56,0.52,-0.46,-87.84,-1.57,-99.59,
158899, 3,3,3,0,0.21,-9.55,-1.57,0.06,0.13,0.06,5.75,132.37,26.00,89.69,1.56,99.56,-0.09,0.13,0.09,0.26,-9.66,-1.63,0.46,-0.56,0.52,-0.46,-87.84,-1.57,-99.59,
158911, 3,3,3,0,0.17,-9.59,-1.53,0.19,-0.19,0.13,5.75,132.37,26.00,89.69,1.56,99.56,-0.09,0.06,0.10,0.26,-9.66,-1.63,0.46,-0.56,0.52,-0.46,-87.84,-1.57,-99.59,
158924, 3,3,3,0,0.13,-9.60,-1.48,0.25,0.06,0.19,5.75,132.37,26.00,89.69,1.56,99.56,-0.13,0.05,0.14,0.26,-9.66,-1.63,0.46,-0.56,0.52,-0.46,-87.84,-1.57,-99.59,
158935, 3,3,3,0,0.09,-9.50,-1.59,0.37,0.00,0.19,5.75,132.37,26.00,89.69,1.56,99.56,-0.17,0.16,0.03,0.26,-9.66,-1.63,0.46,-0.56,0.52,-0.46,-87.84,-1.57,-99.59,
158947, 3,3,3,0,0.06,-9.51,-1.54,0.44,0.00,0.31,6.19,132.69,27.56,89.69,1.56,99.56,-0.30,0.24,0.04,0.26,-9.66,-1.63,0.46,-0.56,0.52,-0.46,-87.84,-1.57,-99.59,
158960, 3,3,3,0,-0.04,-9.42,-1.58,0.25,0.06,0.19,6.19,132.69,27.56,89.62,1.50,99.56,-0.50,0.30,-0.04,0.26,-9.66,-1.63,0.46,-0.56,0.52,-0.46,-87.83,-1.55,-99.59,
158974, 3,3,3,0,-0.31,-9.24,-1.73,0.31,-0.19,0.31,6.19,132.69,27.56,89.62,1.50,99.56,-0.57,0.41,-0.10,0.26,-9.66,-1.63,0.46,-0.56,0.52,-0.46,-87.83,-1.55,-99.59,
158985, 3,3,3,0,-0.37,-9.26,-1.64,0.19,-0.37,0.06,6.19,132.69,27.56,89.62,1.50,99.56,-0.64,0.39,-0.01,0.26,-9.66,-1.63,0.46,-0.56,0.52,-0.46,-87.83,-1.55,-99.59,
158998, 3,3,3,0,-0.50,-9.31,-1.65,0.13,-0.62,0.00,5.37,132.37,26.00,89.62,1.50,99.56,-0.82,0.12,0.04,0.26,-9.66,-1.63,0.46,-0.56,0.52,-0.46,-87.82,-1.54,-99.59,
159011, 3,3,3,0,-0.55,-9.54,-1.58,-0.13,-1.06,-0.13,5.37,132.37,26.00,89.62,1.50,99.56,-0.65,0.31,-0.05,0.26,-9.66,-1.63,0.46,-0.56,0.52,-0.46,-87.81,-1.54,-99.59,
159025, 3,3,3,0,-0.02,-9.61,-1.78,-0.06,-1.19,-0.25,5.37,132.37,26.00,89.56,1.50,99.56,-0.29,0.04,-0.15,0.26,-9.66,-1.63,0.46,-0.56,0.52,-0.45,-87.79,-1.54,-99.59,
159036, 3,3,3,0,-0.09,-9.89,-1.48,-0.13,-1.12,-0.37,5.37,132.37,26.00,89.56,1.50,99.56,-0.25,-0.01,-0.07,0.26,-9.66,-1.63,0.46,-0.56,0.52,-0.45,-87.78,-1.54,-99.59,
159049, 3,3,3,0,0.01,-9.67,-1.70,-0.06,-0.88,-0.31,6.56,132.00,26.37,89.56,1.50,99.56,-0.25,0.13,0.03,0.26,-9.66,-1.63,0.46,-0.56,0.52,-0.45,-87.78,-1.54,-99.59,
159062, 3,3,3,0,-0.24,-9.67,-1.35,0.06,0.37,-0.06,6.56,132.00,26.37,89.56,1.50,99.56,-0.50,0.00,0.27,0.26,-9.66,-1.63,0.46,-0.56,0.52,-0.45,-87.78,-1.54,-99.59,
159075, 3,3,3,0,-0.02,-9.33,-1.40,0.06,0.44,0.06,6.56,132.00,26.37,89.56,1.50,99.56,-0.29,0.32,0.22,0.26,-9.66,-1.63,0.46,-0.56,0.52,-0.45,-87.78,-1.52,-99.59,
159085, 3,3,3,0,-0.08,-9.37,-1.70,0.13,0.44,0.06,6.56,132.00,26.37,89.56,1.50,99.56,-0.34,0.29,-0.07,0.25,-9.66,-1.63,0.46,-0.56,0.52,-0.45,-87.78,-1.49,-99.58,
159097, 3,3,3,0,-0.17,-9.49,-1.43,-0.13,0.50,0.00,8.75,132.69,25.56,89.50,1.44,99.56,-0.42,0.35,-0.08,0.25,-9.66,-1.63,0.46,-0.56,0.52,-0.45,-87.79,-1.46,-99.58,
159109, 3,3,3,0,-0.17,-9.31,-1.71,-0.06,-0.13,-0.13,8.75,132.69,25.56,89.44,1.37,99.56,-0.51,0.24,0.07,0.24,-9.66,-1.63,0.46,-0.56,0.52,-0.45,-87.78,-1.43,-99.58,
159121, 3,3,3,0,0.08,-9.27,-1.82,-0.06,0.00,-0.31,8.75,132.69,25.56,89.44,1.37,99.56,-0.15,0.39,-0.19,0.24,-9.66,-1.63,0.46,-0.56,0.52,-0.45,-87.78,-1.41,-99.59,
159131, 3,3,3,0,0.11,-9.61,-1.51,-0.25,-0.13,-0.06,8.75,132.69,25.56,89.44,1.37,99.56,-0.12,0.04,0.11,0.23,-9.66,-1.63,0.46,-0.56,0.52,-0.45,-87.78,-1.40,-99.59,
159143, 3,3,3,0,0.05,-9.67,-1.62,0.00,0.13,-0.31,9.56,133.06,26.37,89.37,1.37,99.56,-0.17,0.00,0.00,0.23,-9.66,-1.63,0.46,-0.56,0.52,-0.45,-87.78,-1.39,-99.59,
159156, 3,3,3,0,0.08,-9.59,-1.43,-0.06,0.06,0.00,9.56,133.06,26.37,89.37,1.37,99.56,0.27,0.35,-0.50,0.23,-9.66,-1.63,0.46,-0.56,0.52,-0.45,-87.78,-1.39,-99.59,
159169, 3,3,3,0,0.50,-9.31,-2.13,0.31,-0.50,0.00,9.56,133.06,26.37,89.37,1.37,99.56,-0.12,-0.01,0.26,0.23,-9.66,-1.63,0.46,-0.56,0.52,-0.45,-87.78,-1.39,-99.59,
159180, 3,3,3,0,0.40,-9.44,-1.79,0.44,-0.25,0.13,9.56,133.06,26.37,89.37,1.37,99.56,0.16,0.22,-0.16,0.23,-9.66,-1.63,0.46,-0.56,0.52,-0.45,-87.78,-1.39,-99.59,
159193, 3,3,3,0,0.33,-9.22,-1.43,0.50,0.19,0.31,12.19,132.37,25.56,89.37,1.37,99.56,0.09,0.43,0.19,0.23,-9.66,-1.63,0.46,-0.56,0.52,-0.45,-87.78,-1.39,-99.59,
159206, 3,3,3,0,0.30,-9.34,-1.95,0.19,0.13,0.00,12.19,132.37,25.56,89.37,1.37,99.56,-0.40,0.39,0.33,0.23,-9.66,-1.63,0.46,-0.56,0.52,-0.45,-87.78,-1.39,-99.59,
159219, 3,3,3,0,-0.16,-9.27,-1.30,-0.13,0.50,0.06,12.19,132.37,25.56,89.37,1.37,99.56,0.59,0.67,-0.64,0.23,-9.66,-1.63,0.46,-0.56,0.52,-0.45,-87.78,-1.39,-99.58,
159230, 3,3,3,0,0.82,-8.99,-2.27,-0.13,0.56,0.13,12.19,132.37,25.56,89.37,1.37,99.56,-0.15,0.37,0.26,0.23,-9.66,-1.63,0.46,-0.56,0.52,-0.45,-87.78,-1.39,-99.58,
159243, 3,3,3,0,-0.10,-9.91,-0.89,-0.50,0.19,-0.19,15.19,132.37,27.19,89.37,1.37,99.56,-0.34,-0.24,0.73,0.23,-9.66,-1.63,0.46,-0.56,0.52,-0.45,-87.78,-1.39,-99.58,
159256, 3,3,3,0,0.03,-8.95,-2.11,0.00,0.25,-0.06,15.19,132.37,27.19,89.37,1.37,99.56,0.62,0.05,-0.11,0.23,-9.66,-1.63,0.46,-0.56,0.52,-0.45,-87.78,-1.39,-99.58,
159269, 3,3,3,0,0.85,-9.60,-1.74,0.00,0.00,0.31,15.19,132.37,27.19,89.37,1.37,99.56,-0.30,0.24,-0.11,0.23,-9.66,-1.63,0.46,-0.56,0.52,-0.45,-87.78,-1.39,-99.58,
159280, 3,3,3,0,-0.07,-9.42,-1.74,-0.50,-0.06,0.25,15.19,132.37,27.19,89.37,1.37,99.56,0.18,0.01,-0.19,0.23,-9.66,-1.63,0.46,-0.56,0.52,-0.45,-87.78,-1.39,-99.58,
159293, 3,3,3,0,0.21,-9.19,-1.46,0.31,-0.06,-0.19,18.06,130.50,26.37,89.37,1.37,99.56,-0.02,0.47,0.16,0.23,-9.66,-1.63,0.46,-0.56,0.52,-0.45,-87.78,-1.39,-99.58,
159306, 3,3,3,0,0.51,-9.80,-1.74,-0.19,0.13,0.25,18.06,130.50,26.37,89.37,1.37,99.56,0.28,-0.14,-0.11,0.23,-9.66,-1.63,0.46,-0.56,0.52,-0.45,-87.78,-1.39,-99.58,
159319, 3,3,3,0,0.24,-10.05,-1.10,0.13,0.19,0.13,18.06,130.50,26.37,89.37,1.37,99.56,-0.05,0.59,-0.14,0.23,-9.66,-1.63,0.46,-0.56,0.52,-0.45,-87.79,-1.39,-99.58,
159330, 3,3,3,0,0.17,-9.07,-1.77,0.44,0.31,0.31,18.06,130.50,26.37,89.37,1.37,99.56,0.36,0.27,-0.02,0.23,-9.66,-1.63,0.46,-0.56,0.52,-0.45,-87.79,-1.39,-99.58,
159342, 3,3,3,0,0.04,-9.46,-1.68,-0.06,0.69,0.06,21.50,127.87,28.00,89.44,1.37,99.56,-0.19,0.19,-0.05,0.23,-9.66,-1.63,0.46,-0.56,0.52,-0.45,-87.80,-1.39,-99.58,
159355, 3,3,3,0,0.24,-9.77,-1.32,-0.37,-0.06,0.19,21.50,127.87,28.00,89.44,1.37,99.56,0.00,-0.10,0.31,0.23,-9.66,-1.63,0.46,-0.56,0.52,-0.45,-87.80,-1.39,-99.58,
159368, 3,3,3,0,0.05,-9.19,-1.95,0.06,0.00,-0.06,21.50,127.87,28.00,89.44,1.37,99.56,0.31,0.10,0.11,0.23,-9.66,-1.63,0.46,-0.56,0.52,-0.45,-87.80,-1.39,-99.58,
159379, 3,3,3,0,0.55,-9.55,-1.52,-0.13,-0.25,0.25,21.50,127.87,28.00,89.44,1.37,99.56,0.15,-0.41,0.05,0.23,-9.66,-1.63,0.46,-0.56,0.52,-0.45,-87.80,-1.39,-99.58,
159393, 3,3,3,0,0.38,-10.08,-1.57,-0.50,0.25,0.06,22.19,127.06,26.75,89.44,1.37,99.56,-0.37,0.49,0.33,0.23,-9.66,-1.63,0.46,-0.56,0.52,-0.45,-87.80,-1.39,-99.58,
159406, 3,3,3,0,0.81,-9.82,-2.09,0.25,-0.19,0.00,22.19,127.06,26.75,89.44,1.37,99.56,0.57,-0.15,-0.46,0.23,-9.66,-1.63,0.46,-0.56,0.52,-0.45,-87.80,-1.39,-99.58,
159419, 3,3,3,0,0.11,-9.24,-1.54,0.31,0.37,-0.06,22.19,127.06,26.75,89.44,1.37,99.56,0.12,0.24,-0.36,0.23,-9.66,-1.63,0.46,-0.56,0.52,-0.45,-87.80,-1.39,-99.58,
159430, 3,3,3,0,0.36,-9.42,-1.99,0.13,0.25,-0.06,22.19,127.06,26.75,89.44,1.37,99.56,0.09,0.51,0.43,0.23,-9.66,-1.63,0.46,-0.56,0.52,-0.45,-87.80,-1.39,-99.58,
159442, 3,3,3,0,0.50,-9.78,-1.79,-0.13,0.13,0.19,24.06,124.87,26.75,89.44,1.37,99.56,0.26,-0.11,-0.16,0.23,-9.66,-1.63,0.46,-0.56,0.52,-0.45,-87.80,-1.39,-99.58,
159455, 3,3,3,0,0.28,-9.59,-1.59,0.13,0.37,-0.31,24.06,124.87,26.75,89.44,1.37,99.56,0.05,0.07,0.03,0.23,-9.66,-1.63,0.46,-0.56,0.52,-0.45,-87.80,-1.39,-99.59,
159467, 3,3,3,0,0.19,-9.03,-1.84,0.00,0.31,0.06,24.06,124.87,26.75,89.44,1.37,99.56,-0.09,-0.17,0.38,0.23,-9.66,-1.63,0.46,-0.56,0.52,-0.45,-87.80,-1.39,-99.59,
159479, 3,3,3,0,0.14,-9.84,-1.24,-0.31,0.00,0.00,24.06,124.87,26.75,89.44,1.37,99.56,-0.04,0.55,-0.10,0.23,-9.66,-1.63,0.46,-0.56,0.52,-0.45,-87.80,-1.39,-99.59,
159492, 3,3,3,0,0.19,-9.11,-1.73,-0.25,0.00,0.06,25.56,121.87,27.56,89.44,1.37,99.56,-0.09,0.06,0.10,0.23,-9.66,-1.63,0.46,-0.56,0.52,-0.45,-87.80,-1.39,-99.59,
159505, 3,3,3,0,-0.15,-9.69,-1.55,-0.25,-0.13,-0.13,25.56,121.87,27.56,89.44,1.37,99.56,-0.39,-0.03,0.07,0.23,-9.66,-1.63,0.46,-0.56,0.52,-0.45,-87.80,-1.39,-99.59,
159519, 3,3,3,0,0.53,-9.67,-1.87,0.00,-0.06,0.13,25.56,121.87,27.56,89.44,1.37,99.56,0.26,-0.33,-0.19,0.23,-9.66,-1.63,0.46,-0.56,0.52,-0.45,-87.80,-1.39,-99.59,
159530, 3,3,3,0,0.49,-10.00,-1.82,-0.19,-0.19,0.06,25.56,121.87,27.56,89.44,1.37,99.56,-0.20,0.53,0.23,0.23,-9.66,-1.63,0.46,-0.56,0.52,-0.45,-87.80,-1.39,-99.59,
159542, 3,3,3,0,0.03,-9.12,-1.39,0.00,-0.25,0.06,26.37,119.56,28.75,89.44,1.37,99.56,0.05,-0.25,-0.06,0.23,-9.66,-1.63,0.46,-0.56,0.52,-0.45,-87.80,-1.39,-99.59,
159555, 3,3,3,0,0.27,-9.25,-1.67,0.31,0.06,-0.13,26.37,119.56,28.75,89.44,1.37,99.56,0.04,0.40,-0.04,0.23,-9.66,-1.63,0.46,-0.56,0.52,-0.45,-87.80,-1.39,-99.59,
159568, 3,3,3,0,0.56,-9.29,-2.27,0.25,0.06,0.00,26.37,119.56,28.75,89.44,1.37,99.56,-0.11,0.25,0.54,0.23,-9.66,-1.63,0.46,-0.56,0.52,-0.45,-87.80,-1.39,-99.59,
159580, 3,3,3,0,0.12,-9.41,-1.08,-0.13,-0.25,-0.13,26.37,119.56,28.75,89.44,1.37,99.56,-0.20,0.14,0.00,0.23,-9.66,-1.63,0.46,-0.56,0.52,-0.45,-87.80,-1.39,-99.59,
159593, 3,3,3,0,0.03,-9.52,-1.63,0.19,0.13,0.25,27.87,117.00,28.75,89.44,1.37,99.56,-0.19,0.58,-0.24,0.23,-9.66,-1.63,0.46,-0.56,0.52,-0.45,-87.80,-1.39,-99.59,
159606, 3,3,3,0,0.56,-9.89,-1.55,0.25,0.50,-0.06,27.87,117.00,28.75,89.44,1.37,99.56,0.32,-0.23,0.08,0.23,-9.66,-1.63,0.46,-0.56,0.52,-0.45,-87.80,-1.39,-99.59,
159619, 3,3,3,0,-0.37,-9.30,-1.31,-0.50,0.50,0.13,27.87,117.00,28.75,89.44,1.37,99.56,0.39,-0.05,-0.25,0.23,-9.66,-1.63,0.46,-0.56,0.52,-0.45,-87.80,-1.39,-99.59,
159631, 3,3,3,0,0.63,-9.72,-1.88,0.13,0.00,-0.06,27.87,117.00,28.75,89.44,1.37,99.56,-0.11,-0.33,0.07,0.23,-9.66,-1.63,0.46,-0.56,0.52,-0.45,-87.80,-1.39,-99.59,
159644, 3,3,3,0,0.12,-10.00,-1.55,-0.25,-0.13,-0.19,28.19,114.37,30.00,89.44,1.37,99.56,-0.13,0.18,0.16,0.23,-9.66,-1.63,0.46,-0.56,0.52,-0.45,-87.80,-1.39,-99.59,
159657, 3,3,3,0,0.61,-9.44,-1.80,0.25,-0.75,0.19,28.19,114.37,30.00,89.37,1.37,99.56,0.37,0.22,-0.17,0.23,-9.66,-1.63,0.46,-0.56,0.52,-0.45,-87.79,-1.39,-99.59,
159669, 3,3,3,0,0.40,-9.63,-1.68,0.13,-0.56,-0.13,28.19,114.37,30.00,89.37,1.37,99.56,-0.27,0.11,0.40,0.23,-9.66,-1.63,0.46,-0.56,0.52,-0.45,-87.79,-1.39,-99.59,
159681, 3,3,3,0,-0.03,-9.55,-1.22,0.69,0.13,-0.13,28.19,114.37,30.00,89.44,1.37,99.56,0.25,0.28,-0.49,0.23,-9.66,-1.63,0.46,-0.56,0.52,-0.45,-87.79,-1.39,-99.59,
159694, 3,3,3,0,0.49,-9.38,-2.12,-0.06,0.06,0.19,28.19,111.37,30.37,89.44,1.37,99.56,0.20,0.22,0.33,0.23,-9.66,-1.63,0.46,-0.56,0.52,-0.45,-87.79,-1.39,-99.59,
159707, 3,3,3,0,0.18,-9.38,-1.22,-0.13,0.37,-0.13,28.19,111.37,30.37,89.44,1.37,99.56,-0.05,0.28,0.40,0.23,-9.66,-1.63,0.46,-0.56,0.52,-0.45,-87.79,-1.39,-99.59,
159720, 3,3,3,0,0.07,-9.45,-1.76,0.06,0.25,0.13,28.19,111.37,30.37,89.44,1.37,99.56,0.39,0.28,-0.30,0.23,-9.66,-1.63,0.46,-0.56,0.52,-0.45,-87.79,-1.39,-99.59,
159731, 3,3,3,0,0.63,-9.37,-1.94,-0.19,0.69,-0.06,28.19,111.37,30.37,89.44,1.37,99.56,-0.08,0.09,-0.09,0.23,-9.66,-1.63,0.46,-0.56,0.52,-0.45,-87.80,-1.40,-99.59,
159743, 3,3,3,0,0.14,-9.57,-1.72,0.13,0.06,0.06,29.00,109.19,30.00,89.44,1.37,99.56,0.24,0.03,0.10,0.24,-9.66,-1.63,0.46,-0.56,0.52,-0.45,-87.80,-1.40,-99.59,
159754, 3,3,3,0,0.09,-8.92,-1.82,0.19,0.06,-0.06,29.00,109.19,30.00,89.44,1.37,99.56,-0.14,0.73,-0.18,0.24,-9.66,-1.63,0.46,-0.56,0.52,-0.45,-87.80,-1.40,-99.60,
159767, 3,3,3,0,0.64,-9.89,-2.01,-0.06,-0.13,0.06,29.00,109.19,30.00,89.44,1.37,99.56,0.40,-0.23,-0.38,0.24,-9.66,-1.63,0.46,-0.56,0.52,-0.45,-87.80,-1.42,-99.62,
159780, 3,3,3,0,0.57,-9.40,-2.34,0.00,0.31,-0.25,29.00,109.19,30.00,89.44,1.37,99.56,0.19,0.23,0.03,0.24,-9.66,-1.63,0.46,-0.56,0.52,-0.45,-87.80,-1.42,-99.62,
159793, 3,3,3,0,0.43,-9.43,-1.59,0.19,0.37,-0.31,30.06,106.87,30.75,89.44,1.37,99.56,-0.29,0.46,0.25,0.24,-9.66,-1.63,0.46,-0.56,0.52,-0.45,-87.80,-1.42,-99.62,
159806, 3,3,3,0,0.00,-9.50,-1.24,-0.31,0.19,0.13,30.06,106.87,30.75,89.44,1.37,99.56,-0.23,0.16,0.38,0.24,-9.66,-1.63,0.46,-0.56,0.52,-0.45,-87.80,-1.42,-99.62,
159819, 3,3,3,0,0.59,-9.19,-1.95,0.00,0.00,-0.25,30.06,106.87,30.75,89.44,1.37,99.56,-0.18,0.11,0.09,0.24,-9.66,-1.63,0.46,-0.56,0.52,-0.45,-87.80,-1.42,-99.62,
159830, 3,3,3,0,0.05,-9.55,-1.54,-0.13,-0.25,0.00,30.06,106.87,30.75,89.44,1.37,99.56,0.18,0.15,-0.11,0.24,-9.66,-1.63,0.46,-0.56,0.52,-0.45,-87.80,-1.42,-99.62,
159844, 3,3,3,0,0.42,-9.50,-1.75,-0.44,0.00,-0.19,29.37,106.19,30.00,89.44,1.37,99.56,0.05,0.22,-0.15,0.24,-9.66,-1.63,0.46,-0.56,0.52,-0.45,-87.80,-1.42,-99.62,
159856, 3,3,3,0,0.45,-9.77,-1.65,-0.06,-0.25,0.06,29.37,106.19,30.00,89.44,1.37,99.56,0.20,-0.10,-0.01,0.24,-9.66,-1.63,0.46,-0.56,0.52,-0.45,-87.80,-1.42,-99.62,
159870, 3,3,3,0,0.20,-9.11,-1.95,0.13,0.31,-0.25,29.37,106.19,30.00,89.44,1.37,99.56,-0.40,0.28,-0.04,0.24,-9.66,-1.63,0.46,-0.56,0.52,-0.45,-87.80,-1.42,-99.62,
159881, 3,3,3,0,-0.16,-9.37,-1.67,0.44,0.06,-0.06,29.37,106.19,30.00,89.44,1.37,99.56,0.40,0.09,0.03,0.24,-9.66,-1.63,0.46,-0.56,0.52,-0.45,-87.80,-1.42,-99.62,
159893, 3,3,3,0,0.65,-9.56,-1.60,0.50,0.00,0.13,30.50,103.87,32.06,89.44,1.37,99.56,-0.20,0.32,-0.16,0.24,-9.66,-1.63,0.46,-0.56,0.52,-0.45,-87.80,-1.42,-99.63,
159905, 3,3,3,0,0.38,-9.52,-1.71,0.00,0.31,-0.06,30.50,103.87,32.06,89.44,1.37,99.62,0.14,0.14,-0.07,0.24,-9.66,-1.63,0.46,-0.56,0.52,-0.45,-87.80,-1.42,-99.63,
159917, 3,3,3,0,0.24,-9.57,-1.73,-0.06,-0.06,-0.06,30.50,103.87,32.06,89.44,1.37,99.62,0.00,0.09,-0.09,0.24,-9.66,-1.63,0.46,-0.56,0.52,-0.45,-87.80,-1.42,-99.63,
159930, 3,3,3,0,0.07,-9.47,-1.14,0.13,-0.13,-0.06,30.50,103.87,32.06,89.44,1.37,99.62,0.37,0.83,-0.44,0.24,-9.66,-1.64,0.46,-0.56,0.52,-0.45,-87.80,-1.43,-99.63,
159942, 3,3,3,0,0.61,-8.83,-2.08,0.31,-0.31,0.00,29.69,101.69,32.38,89.44,1.37,99.62,-0.53,0.63,0.48,0.24,-9.66,-1.64,0.46,-0.56,0.52,-0.45,-87.79,-1.43,-99.63,
159955, 3,3,3,0,0.61,-9.78,-1.77,0.13,-0.13,-0.37,29.69,101.69,32.38,89.44,1.37,99.62,0.37,-0.12,-0.12,0.24,-9.66,-1.64,0.46,-0.56,0.52,-0.45,-87.79,-1.43,-99.63,
159968, 3,3,3,0,0.37,-9.13,-1.90,0.13,-0.44,0.06,29.69,101.69,32.38,89.44,1.37,99.62,-0.06,0.17,0.44,0.24,-9.66,-1.64,0.46,-0.56,0.52,-0.45,-87.79,-1.43,-99.63,
159981, 3,3,3,0,0.18,-9.48,-1.20,-0.31,-0.13,-0.13,29.69,101.69,32.38,89.44,1.37,99.62,-0.03,0.07,0.76,0.24,-9.66,-1.64,0.46,-0.56,0.52,-0.45,-87.79,-1.43,-99.63,
159994, 3,3,3,0,0.20,-9.59,-0.87,-0.13,-0.13,-0.06,29.37,99.75,30.75,89.44,1.37,99.62,-0.20,0.07,-0.51,0.24,-9.66,-1.64,0.46,-0.56,0.52,-0.45,-87.79,-1.43,-99.63,
160006, 3,3,3,0,0.61,-9.52,-1.46,0.19,-0.25,-0.06,29.37,99.75,30.75,89.44,1.37,99.62,0.37,0.13,0.17,0.24,-9.66,-1.64,0.46,-0.56,0.52,-0.45,-87.79,-1.43,-99.63,
160019, 3,3,3,0,0.14,-9.73,-1.48,-0.06,-0.06,0.13,29.37,99.75,30.75,89.44,1.37,99.62,-0.22,0.06,0.17,0.24,-9.66,-1.64,0.46,-0.56,0.52,-0.45,-87.79,-1.42,-99.63,
160031, 3,3,3,0,0.02,-9.60,-1.46,-0.25,0.19,-0.06,29.37,99.75,30.75,89.44,1.37,99.62,0.22,0.46,-0.27,0.24,-9.66,-1.64,0.46,-0.56,0.52,-0.45,-87.79,-1.42,-99.63,
160044, 3,3,3,0,0.46,-9.20,-1.91,-0.06,-0.37,0.37,28.56,98.00,32.38,89.44,1.37,99.62,0.04,0.15,0.14,0.24,-9.66,-1.64,0.46,-0.56,0.52,-0.45,-87.79,-1.42,-99.63,
160057, 3,3,3,0,0.10,-9.54,-0.82,0.19,-0.13,-0.13,28.56,98.00,32.38,89.44,1.37,99.62,-0.14,0.12,0.81,0.24,-9.66,-1.64,0.46,-0.56,0.52,-0.45,-87.79,-1.42,-99.63,
160070, 3,3,3,0,0.26,-9.41,-2.31,-0.19,0.13,-0.06,28.56,98.00,32.38,89.44,1.37,99.62,0.31,0.48,0.44,0.24,-9.66,-1.64,0.46,-0.56,0.52,-0.45,-87.79,-1.42,-99.63,
160082, 3,3,3,0,0.56,-9.18,-1.19,0.19,0.13,0.06,28.56,98.00,32.38,89.44,1.37,99.56,0.04,0.01,0.41,0.24,-9.66,-1.63,0.46,-0.56,0.52,-0.45,-87.79,-1.43,-99.62,
160093, 3,3,3,0,0.28,-9.64,-1.22,-0.37,0.50,0.06,27.87,97.19,32.88,89.44,1.37,99.56,0.00,0.21,0.01,0.24,-9.66,-1.63,0.46,-0.56,0.52,-0.45,-87.79,-1.43,-99.62,
160105, 3,3,3,0,0.27,-9.54,-1.52,0.25,0.50,-0.06,27.87,97.19,32.88,89.44,1.37,99.56,0.02,0.12,0.11,0.24,-9.66,-1.63,0.46,-0.56,0.52,-0.45,-87.79,-1.43,-99.62,
160117, 3,3,3,0,0.40,-9.31,-1.75,-0.25,0.69,-0.06,27.87,97.19,32.88,89.44,1.37,99.56,0.15,0.35,-0.11,0.24,-9.66,-1.63,0.46,-0.56,0.52,-0.45,-87.80,-1.44,-99.61,
160130, 3,3,3,0,0.09,-9.55,-1.49,-0.06,0.75,0.06,27.87,97.19,32.88,89.44,1.37,99.56,-0.30,-0.30,0.53,0.24,-9.66,-1.63,0.46,-0.56,0.52,-0.45,-87.81,-1.43,-99.60,
160143, 3,3,3,0,-0.05,-9.96,-1.09,-0.31,0.56,-0.13,28.19,95.00,33.25,89.44,1.37,99.56,0.43,0.42,-0.72,0.24,-9.66,-1.63,0.46,-0.56,0.52,-0.45,-87.81,-1.43,-99.60,
160156, 3,0,3,0,-0.07,-9.60,-1.77,-0.13,0.13,0.31,28.19,95.00,33.25,89.44,1.37,99.56,-0.31,0.05,-0.14,0.24,-9.66,-1.63,0.46,-0.56,0.52,-0.45,-87.81,-1.43,-99.60,
160169, 3,0,3,0,0.37,-9.67,-1.42,-0.06,0.13,-0.19,28.19,95.00,33.25,89.44,1.37,99.56,0.12,0.00,0.20,0.24,-9.66,-1.63,0.46,-0.56,0.52,-0.45,-87.81,-1.43,-99.60,
160181, 3,0,3,0,0.00,-9.31,-1.65,0.13,0.06,0.06,28.19,95.00,33.25,89.44,1.37,99.56,0.25,0.00,0.17,0.24,-9.66,-1.63,0.46,-0.56,0.52,-0.45,-87.81,-1.43,-99.60,
160194, 3,0,3,0,0.49,-9.67,-1.45,0.37,-0.06,0.13,27.06,94.56,33.69,89.44,1.37,99.56,-0.10,-0.13,0.55,0.24,-9.66,-1.63,0.46,-0.56,0.52,-0.45,-87.81,-1.43,-99.60,
160207, 3,0,3,0,0.29,-9.20,-1.97,-0.13,0.25,0.19,27.06,94.56,33.69,89.44,1.37,99.56,0.04,0.46,-0.33,0.24,-9.66,-1.63,0.46,-0.56,0.52,-0.45,-87.81,-1.43,-99.60,
160220, 3,0,3,0,0.15,-9.44,-1.28,0.25,0.00,0.13,27.06,94.56,33.69,89.44,1.37,99.56,-0.33,0.86,0.38,0.24,-9.66,-1.63,0.46,-0.56,0.52,-0.45,-87.81,-1.43,-99.60,
160232, 3,0,3,0,-0.08,-8.80,-1.25,-0.06,0.25,-0.06,27.06,94.56,33.69,89.44,1.37,99.56,0.38,-0.35,-0.36,0.24,-9.66,-1.63,0.46,-0.56,0.52,-0.45,-87.81,-1.43,-99.60,
160246, 3,0,3,0,0.62,-10.01,-1.99,-0.50,0.25,0.25,26.69,94.19,33.69,89.44,1.37,99.56,-0.39,0.35,0.38,0.24,-9.66,-1.63,0.46,-0.56,0.52,-0.45,-87.81,-1.43,-99.60,
160258, 3,0,3,0,0.39,-9.06,-1.70,0.25,0.00,-0.06,26.69,94.19,33.69,89.44,1.37,99.56,0.15,0.60,-0.06,0.24,-9.66,-1.63,0.46,-0.56,0.52,-0.45,-87.81,-1.43,-99.60,
160272, 3,0,3,0,-0.06,-9.67,-1.15,0.00,-0.06,0.06,26.69,94.19,33.69,89.44,1.37,99.56,-0.08,0.42,-0.17,0.24,-9.66,-1.63,0.46,-0.56,0.52,-0.45,-87.81,-1.43,-99.60,
160283, 3,0,3,0,0.16,-9.23,-1.81,0.44,-0.44,0.19,26.69,94.19,33.69,89.44,1.37,99.56,0.44,-0.13,-0.19,0.24,-9.66,-1.63,0.46,-0.56,0.52,-0.45,-87.81,-1.43,-99.60,
160296, 3,0,3,0,0.43,-9.45,-1.63,-0.13,0.00,-0.13,26.00,92.69,33.69,89.44,1.37,99.56,0.18,0.21,0.00,0.24,-9.66,-1.63,0.46,-0.56,0.52,-0.45,-87.81,-1.43,-99.60,
160309, 3,0,3,0,0.49,-9.72,-2.07,0.06,-0.25,0.00,26.00,92.69,33.69,89.44,1.37,99.56,0.25,-0.06,-0.44,0.24,-9.66,-1.63,0.46,-0.56,0.52,-0.45,-87.81,-1.43,-99.60,
160322, 3,0,3,0,-0.30,-9.69,-0.81,-0.25,-0.56,-0.13,26.00,92.69,33.69,89.44,1.37,99.56,0.23,0.09,-0.42,0.24,-9.66,-1.63,0.46,-0.56,0.52,-0.45,-87.81,-1.43,-99.60,
160333, 3,0,3,0,0.47,-9.56,-2.05,0.56,-0.37,0.19,26.00,92.69,33.69,89.44,1.37,99.56,0.11,-0.10,-0.41,0.24,-9.66,-1.63,0.46,-0.56,0.52,-0.45,-87.81,-1.43,-99.60,
160346, 3,0,3,0,-0.39,-9.54,-0.72,-0.19,-0.13,0.00,26.00,92.00,35.25,89.44,1.37,99.56,-0.63,0.12,0.91,0.24,-9.66,-1.63,0.46,-0.56,0.52,-0.45,-87.81,-1.43,-99.60,
160360, 3,0,3,0,0.61,-9.55,-2.28,0.25,-0.06,-0.06,26.00,92.00,35.25,89.44,1.37,99.56,0.37,0.10,-0.65,0.24,-9.66,-1.63,0.46,-0.56,0.52,-0.45,-87.81,-1.43,-99.60,
160373, 3,0,3,0,0.40,-9.66,-1.64,0.37,-0.25,0.25,26.00,92.00,35.25,89.44,1.37,99.56,0.11,0.65,-0.28,0.24,-9.66,-1.63,0.46,-0.56,0.52,-0.45,-87.81,-1.43,-99.60,
160383, 3,0,3,0,0.36,-9.00,-1.91,0.31,0.19,0.00,26.00,92.00,35.25,89.44,1.37,99.56,0.04,-0.02,0.27,0.24,-9.66,-1.63,0.46,-0.56,0.52,-0.45,-87.81,-1.43,-99.60,
160396, 3,0,3,0,0.18,-9.39,-1.35,-0.19,0.69,-0.13,24.87,91.19,34.50,89.50,1.37,99.56,-0.05,0.26,0.27,0.24,-9.66,-1.63,0.46,-0.56,0.52,-0.45,-87.81,-1.43,-99.59,
160409, 3,0,3,0,0.19,-9.45,-1.48,0.37,0.25,0.06,24.87,91.19,34.50,89.50,1.37,99.56,-0.04,0.20,0.14,0.24,-9.66,-1.63,0.46,-0.56,0.52,-0.45,-87.82,-1.43,-99.60,
160423, 3,0,3,0,0.47,-9.80,-1.37,-0.37,0.62,-0.37,24.87,91.19,34.50,89.50,1.37,99.56,0.31,0.38,-0.30,0.24,-9.66,-1.63,0.46,-0.56,0.52,-0.45,-87.82,-1.43,-99.60,
160433, 3,0,3,0,0.55,-9.28,-1.93,0.00,0.37,-0.13,24.87,91.19,34.50,89.50,1.37,99.56,0.42,0.15,-0.04,0.24,-9.66,-1.63,0.46,-0.56,0.52,-0.45,-87.82,-1.43,-99.60,
160447, 3,0,3,0,0.71,-9.37,-1.89,-0.06,0.13,-0.19,25.19,90.50,34.50,89.50,1.37,99.56,0.47,0.29,-0.25,0.24,-9.66,-1.63,0.46,-0.56,0.52,-0.45,-87.82,-1.43,-99.60,
160460, 3,0,3,0,0.46,-10.15,-1.15,-0.13,0.06,0.00,25.19,90.50,34.50,89.50,1.37,99.56,0.22,-0.49,0.48,0.24,-9.66,-1.63,0.46,-0.56,0.52,-0.45,-87.82,-1.43,-99.60,
160473, 3,0,3,0,0.62,-9.18,-1.83,-0.06,0.19,-0.13,25.19,90.50,34.50,89.50,1.44,99.56,0.29,-0.02,0.00,0.24,-9.66,-1.63,0.46,-0.56,0.52,-0.45,-87.82,-1.44,-99.60,
160484, 3,0,3,0,0.53,-9.69,-1.63,0.06,0.37,-0.06,25.19,90.50,34.50,89.50,1.44,99.56,0.13,0.15,0.49,0.24,-9.66,-1.63,0.46,-0.56,0.52,-0.45,-87.82,-1.44,-99.60,
160497, 3,0,3,0,1.22,-9.17,-2.42,0.25,0.19,0.25,23.69,89.37,33.25,89.50,1.44,99.56,0.97,0.49,-0.79,0.24,-9.66,-1.63,0.46,-0.56,0.52,-0.45,-87.82,-1.44,-99.60,
160510, 3,0,3,0,0.74,-9.27,-2.13,0.31,0.25,0.13,23.69,89.37,33.25,89.50,1.44,99.56,0.49,0.38,-0.50,0.24,-9.66,-1.63,0.46,-0.56,0.52,-0.45,-87.82,-1.44,-99.60,
160523, 3,0,3,0,0.69,-9.37,-1.39,0.00,0.25,-0.06,23.69,89.37,33.25,89.50,1.44,99.56,0.65,0.45,-0.22,0.24,-9.66,-1.63,0.46,-0.56,0.52,-0.45,-87.82,-1.44,-99.60,
160534, 3,0,3,0,0.90,-9.21,-1.85,-0.13,-0.19,-0.06,23.69,89.37,33.25,89.50,1.44,99.56,0.54,0.33,0.14,0.24,-9.66,-1.63,0.46,-0.56,0.52,-0.45,-87.82,-1.44,-99.60,
160547, 3,0,3,0,0.48,-9.30,-1.52,-0.25,0.13,-0.13,22.19,89.69,34.06,89.50,1.44,99.56,0.24,0.36,0.10,0.24,-9.66,-1.63,0.46,-0.56,0.52,-0.45,-87.82,-1.44,-99.60,
160560, 3,0,3,0,0.90,-9.49,-1.77,-0.06,0.37,-0.19,22.19,89.69,34.06,89.50,1.44,99.56,0.65,0.16,-0.14,0.24,-9.66,-1.63,0.46,-0.56,0.52,-0.45,-87.82,-1.44,-99.60,
160573, 3,0,3,0,0.84,-9.46,-1.77,-0.13,0.00,0.13,22.19,89.69,34.06,89.50,1.44,99.56,0.33,-0.12,0.08,0.24,-9.66,-1.63,0.46,-0.56,0.52,-0.45,-87.82,-1.44,-99.60,
160584, 3,0,3,0,0.58,-9.78,-1.55,-0.25,0.31,0.00,22.19,89.69,34.06,89.50,1.44,99.56,0.39,0.29,-0.07,0.24,-9.66,-1.63,0.46,-0.56,0.52,-0.45,-87.82,-1.44,-99.60,
160597, 3,0,3,0,0.69,-9.51,-1.87,0.37,-0.06,0.19,23.00,87.87,33.25,89.50,1.44,99.56,0.44,0.15,-0.24,0.24,-9.66,-1.63,0.46,-0.56,0.52,-0.45,-87.82,-1.44,-99.60,
160610, 3,0,3,0,0.35,-9.52,-1.62,0.13,0.25,0.13,23.00,87.87,33.25,89.50,1.44,99.56,0.10,0.14,0.01,0.24,-9.66,-1.63,0.46,-0.56,0.52,-0.45,-87.82,-1.44,-99.60,
160624, 3,0,3,0,0.48,-9.37,-1.69,0.00,0.19,0.13,23.00,87.87,33.25,89.50,1.44,99.56,0.13,0.33,0.02,0.24,-9.66,-1.63,0.46,-0.56,0.52,-0.45,-87.82,-1.44,-99.60,
160634, 3,0,3,0,0.38,-9.32,-1.60,0.19,0.19,0.00,23.00,87.87,33.25,89.50,1.44,99.56,0.11,0.38,-0.06,0.24,-9.66,-1.63,0.46,-0.56,0.52,-0.45,-87.82,-1.44,-99.60,
160648, 3,0,3,0,0.28,-9.40,-1.55,-0.06,0.06,-0.06,23.37,88.56,34.06,89.50,1.44,99.56,0.04,0.25,0.07,0.24,-9.66,-1.63,0.46,-0.56,0.52,-0.45,-87.82,-1.44,-99.60,
160661, 3,0,3,0,0.39,-9.35,-1.64,-0.06,0.06,-0.06,23.37,88.56,34.06,89.50,1.44,99.56,0.14,0.30,0.00,0.24,-9.66,-1.63,0.46,-0.56,0.52,-0.45,-87.82,-1.45,-99.59,
160673, 3,0,3,0,0.36,-9.46,-1.63,-0.19,0.25,-0.13,23.37,88.56,34.06,89.50,1.44,99.56,0.00,0.09,0.06,0.24,-9.66,-1.63,0.46,-0.56,0.52,-0.45,-87.82,-1.45,-99.59,
160684, 3,0,3,0,0.24,-9.56,-1.56,-0.06,-0.06,-0.06,23.37,88.56,34.06,89.50,1.44,99.56,0.06,0.08,0.00,0.24,-9.66,-1.63,0.46,-0.56,0.52,-0.45,-87.81,-1.45,-99.60,
160696, 3,0,3,0,0.31,-9.58,-1.64,-0.13,0.13,0.13,23.00,89.00,34.88,89.50,1.44,99.56,0.12,0.09,0.02,0.24,-9.66,-1.63,0.46,-0.56,0.52,-0.45,-87.82,-1.46,-99.60,
160708, 3,0,3,0,0.30,-9.62,-1.63,0.00,0.31,0.13,23.00,89.00,34.88,89.50,1.44,99.56,0.05,0.04,0.00,0.24,-9.66,-1.63,0.46,-0.56,0.52,-0.45,-87.82,-1.46,-99.60,
160721, 3,0,3,0,0.25,-9.49,-1.67,0.25,0.06,0.06,23.00,89.00,34.88,89.50,1.44,99.56,0.01,0.17,-0.04,0.24,-9.66,-1.63,0.46,-0.56,0.52,-0.45,-87.82,-1.46,-99.60,
160733, 3,0,3,0,0.28,-9.43,-1.67,0.06,-0.06,0.13,23.00,89.00,34.88,89.50,1.44,99.56,-0.02,0.24,0.06,0.24,-9.66,-1.63,0.46,-0.56,0.52,-0.45,-87.82,-1.46,-99.60,
160745, 3,0,3,0,0.22,-9.42,-1.57,0.19,0.00,0.00,23.37,88.56,36.06,89.50,1.44,99.56,-0.06,0.27,0.06,0.24,-9.66,-1.63,0.46,-0.56,0.52,-0.45,-87.82,-1.46,-99.60,
160757, 3,0,3,0,0.21,-9.34,-1.58,0.13,0.13,0.06,23.37,88.56,36.06,89.50,1.44,99.56,-0.03,0.31,0.04,0.24,-9.66,-1.63,0.46,-0.56,0.52,-0.45,-87.82,-1.46,-99.60,
160770, 3,0,3,0,0.25,-9.39,-1.66,-0.13,-0.06,-0.06,23.37,88.56,36.06,89.50,1.44,99.56,0.00,0.26,-0.03,0.24,-9.66,-1.63,0.46,-0.56,0.52,-0.45,-87.82,-1.46,-99.60,
160783, 3,0,3,0,0.24,-9.44,-1.59,-0.06,0.13,-0.06,23.37,88.56,36.06,89.50,1.44,99.56,0.05,0.13,0.05,0.24,-9.66,-1.63,0.46,-0.56,0.52,-0.45,-87.82,-1.46,-99.60,
160793, 3,0,3,0,0.30,-9.53,-1.58,-0.06,0.13,0.00,23.37,88.56,36.06,89.50,1.44,99.56,0.04,0.12,-0.02,0.24,-9.66,-1.63,0.46,-0.56,0.52,-0.45,-87.82,-1.46,-99.60,
160805, 3,0,3,0,0.29,-9.54,-1.66,0.00,0.13,0.06,22.19,88.19,34.50,89.50,1.44,99.56,0.00,0.08,0.00,0.24,-9.66,-1.63,0.46,-0.56,0.52,-0.45,-87.82,-1.46,-99.60,
160816, 3,0,3,0,0.28,-9.57,-1.68,0.06,0.19,0.00,22.19,88.19,34.50,89.50,1.44,99.56,0.03,0.08,-0.04,0.24,-9.66,-1.63,0.46,-0.56,0.52,-0.45,-87.82,-1.46,-99.60,
160829, 3,0,3,0,0.27,-9.55,-1.61,0.06,0.06,0.00,22.19,88.19,34.50,89.50,1.44,99.56,0.03,0.11,0.02,0.24,-9.66,-1.63,0.46,-0.56,0.52,-0.45,-87.82,-1.46,-99.60,
160839, 3,0,3,0,0.24,-9.48,-1.61,0.13,0.13,0.06,22.19,88.19,34.50,89.50,1.44,99.56,0.00,0.18,0.01,0.24,-9.66,-1.63,0.46,-0.56,0.52,-0.45,-87.82,-1.46,-99.60,
160852, 3,0,3,0,0.21,-9.42,-1.63,0.13,-0.06,0.13,23.00,89.00,34.50,89.50,1.44,99.56,-0.01,0.26,-0.02,0.24,-9.66,-1.63,0.46,-0.56,0.52,-0.45,-87.82,-1.46,-99.60,
160864, 3,0,3,0,0.23,-9.40,-1.65,0.06,0.00,0.19,23.00,89.00,34.50,89.50,1.44,99.56,-0.02,0.30,0.02,0.24,-9.66,-1.63,0.46,-0.56,0.52,-0.45,-87.82,-1.46,-99.60,
160876, 3,0,3,0,0.22,-9.35,-1.60,0.00,0.25,-0.06,23.00,89.00,34.50,89.50,1.44,99.56,0.00,0.24,0.03,0.24,-9.66,-1.63,0.46,-0.56,0.52,-0.45,-87.82,-1.46,-99.60,
160886, 3,0,3,0,0.26,-9.42,-1.60,0.00,0.06,-0.06,23.00,89.00,34.50,89.50,1.44,99.56,0.02,0.24,0.02,0.24,-9.66,-1.63,0.46,-0.56,0.52,-0.45,-87.82,-1.46,-99.60,
160898, 3,0,3,0,0.28,-9.51,-1.58,-0.13,0.06,-0.06,22.19,87.87,33.69,89.50,1.44,99.56,0.03,0.15,0.05,0.24,-9.66,-1.63,0.46,-0.56,0.52,-0.45,-87.82,-1.46,-99.60,
160911, 3,0,3,0,0.29,-9.53,-1.65,0.00,0.00,0.06,22.19,87.87,33.69,89.50,1.44,99.56,0.04,0.13,-0.01,0.24,-9.66,-1.63,0.46,-0.56,0.52,-0.45,-87.82,-1.46,-99.60,
160923, 3,0,3,0,0.31,-9.54,-1.63,-0.06,0.00,0.00,22.19,87.87,33.69,89.50,1.44,99.56,0.01,0.10,0.00,0.24,-9.66,-1.63,0.46,-0.56,0.52,-0.45,-87.82,-1.46,-99.60,
160934, 3,0,3,0,0.25,-9.55,-1.62,0.19,0.00,0.06,22.19,87.87,33.69,89.50,1.44,99.56,0.01,0.13,0.02,0.24,-9.66,-1.63,0.46,-0.56,0.52,-0.45,-87.82,-1.46,-99.60,
160947, 3,0,3,0,0.26,-9.53,-1.61,0.06,0.13,0.06,22.56,89.00,34.50,89.50,1.44,99.56,0.00,0.20,-0.03,0.24,-9.66,-1.63,0.46,-0.56,0.52,-0.45,-87.82,-1.46,-99.60,
160959, 3,0,3,0,0.26,-9.45,-1.58,0.19,0.00,0.00,22.56,89.00,34.50,89.50,1.44,99.56,0.02,0.21,0.05,0.24,-9.66,-1.63,0.46,-0.56,0.52,-0.45,-87.82,-1.46,-99.60,
160972, 3,0,3,0,0.21,-9.39,-1.66,0.13,0.13,0.06,22.56,89.00,34.50,89.50,1.44,99.56,0.00,0.26,0.00,0.24,-9.66,-1.63,0.46,-0.56,0.52,-0.45,-87.82,-1.46,-99.60,
160984, 3,0,3,0,0.24,-9.39,-1.62,-0.06,0.13,0.00,22.56,89.00,34.50,89.50,1.44,99.56,-0.01,0.28,0.01,0.24,-9.66,-1.63,0.46,-0.56,0.52,-0.45,-87.82,-1.46,-99.60,
160995, 3,0,3,0,0.23,-9.38,-1.61,0.06,0.13,0.06,23.00,88.56,33.69,89.50,1.44,99.56,0.02,0.21,0.04,0.24,-9.66,-1.63,0.46,-0.56,0.52,-0.45,-87.82,-1.46,-99.60,
161007, 3,0,3,0,0.27,-9.48,-1.59,0.06,0.06,0.13,23.00,88.56,33.69,89.50,1.44,99.56,0.02,0.17,0.04,0.24,-9.66,-1.63,0.46,-0.56,0.52,-0.45,-87.82,-1.46,-99.60,
161020, 3,0,3,0,0.29,-9.56,-1.68,-0.06,0.31,-0.06,23.00,88.56,33.69,89.50,1.44,99.56,0.04,0.10,-0.04,0.24,-9.66,-1.63,0.46,-0.56,0.52,-0.45,-87.82,-1.46,-99.60,
161033, 3,0,3,0,0.29,-9.55,-1.63,-0.06,0.06,0.00,23.00,88.56,33.69,89.50,1.44,99.56,0.04,0.10,0.00,0.24,-9.66,-1.63,0.46,-0.56,0.52,-0.45,-87.82,-1.46,-99.60,
161044, 3,0,3,0,0.29,-9.56,-1.62,0.00,0.19,0.13,23.00,88.56,33.69,89.50,1.44,99.56,0.02,0.15,0.00,0.24,-9.66,-1.63,0.46,-0.56,0.52,-0.45,-87.82,-1.46,-99.60,
161056, 3,0,3,0,0.26,-9.51,-1.63,0.06,0.00,0.06,22.56,88.19,34.06,89.50,1.44,99.56,0.00,0.17,-0.01,0.24,-9.66,-1.63,0.46,-0.56,0.52,-0.45,-87.82,-1.46,-99.60,
161067, 3,0,3,0,0.22,-9.41,-1.63,0.06,0.00,0.06,22.56,88.19,34.06,89.50,1.44,99.56,-0.02,0.25,0.00,0.24,-9.66,-1.63,0.46,-0.56,0.52,-0.45,-87.82,-1.46,-99.60,
161080, 3,0,3,0,0.24,-9.40,-1.62,0.06,-0.06,-0.06,22.56,88.19,34.06,89.50,1.44,99.56,0.00,0.25,0.00,0.24,-9.66,-1.63,0.46,-0.56,0.52,-0.45,-87.82,-1.46,-99.60,
161090, 3,0,3,0,0.20,-9.39,-1.59,0.13,0.00,-0.13,22.56,88.19,34.06,89.50,1.44,99.56,-0.04,0.26,0.03,0.24,-9.66,-1.63,0.46,-0.56,0.52,-0.45,-87.82,-1.46,-99.60,
161103, 3,0,3,0,0.23,-9.39,-1.62,0.06,0.19,0.00,22.56,89.37,35.25,89.50,1.44,99.56,0.04,0.20,0.00,0.24,-9.66,-1.63,0.46,-0.56,0.52,-0.45,-87.82,-1.46,-99.61,
161115, 3,0,3,0,0.29,-9.46,-1.63,-0.06,-0.06,0.00,22.56,89.37,35.25,89.50,1.44,99.56,0.02,0.17,0.01,0.24,-9.66,-1.63,0.46,-0.56,0.52,-0.45,-87.82,-1.46,-99.61,
161127, 3,0,3,0,0.27,-9.49,-1.61,-0.06,-0.13,0.00,22.56,89.37,35.25,89.50,1.44,99.56,0.02,0.14,0.01,0.24,-9.66,-1.63,0.46,-0.56,0.52,-0.45,-87.82,-1.46,-99.61,
161137, 3,0,3,0,0.30,-9.53,-1.64,-0.06,0.06,0.06,22.56,89.37,35.25,89.50,1.44,99.56,0.05,0.13,0.00,0.24,-9.66,-1.63,0.46,-0.56,0.52,-0.45,-87.82,-1.46,-99.61,
161149, 3,0,3,0,0.24,-9.53,-1.61,0.00,0.19,0.06,23.00,87.87,34.50,89.50,1.44,99.56,0.00,0.13,0.02,0.24,-9.66,-1.63,0.46,-0.56,0.52,-0.45,-87.82,-1.46,-99.61,
