9,-0.02,0.18,0.03,0.28,-9.66,-1.65,0.46,-0.56,0.52,-0.46,-87.81,-1.68,-99.74,
172071, 3,3,3,0,0.26,-9.47,-1.62,0.00,0.00,0.00,5.75,131.19,28.00,89.75,1.62,99.69,-0.04,0.18,0.01,0.28,-9.66,-1.65,0.46,-0.56,0.52,-0.46,-87.81,-1.68,-99.74,
172083, 3,3,3,0,0.24,-9.47,-1.64,0.13,0.06,-0.06,6.19,132.69,25.56,89.75,1.62,99.69,0.00,0.18,0.01,0.28,-9.66,-1.65,0.46,-0.56,0.52,-0.46,-87.81,-1.68,-99.74,
172096, 3,3,3,0,0.25,-9.43,-1.60,0.00,0.00,0.06,6.19,132.69,25.56,89.75,1.62,99.69,-0.03,0.22,0.05,0.28,-9.66,-1.65,0.46,-0.56,0.52,-0.46,-87.81,-1.68,-99.74,
172109, 3,3,3,0,0.25,-9.45,-1.59,0.00,-0.06,-0.06,6.19,132.69,25.56,89.75,1.62,99.69,-0.05,0.22,0.01,0.28,-9.66,-1.65,0.46,-0.56,0.52,-0.46,-87.81,-1.68,-99.74,
172121, 3,3,3,0,0.23,-9.43,-1.64,0.06,0.00,-0.06,6.19,132.69,25.56,89.75,1.62,99.69,-0.03,0.19,0.03,0.28,-9.66,-1.65,0.46,-0.56,0.52,-0.46,-87.81,-1.68,-99.74,
172133, 3,3,3,0,0.25,-9.46,-1.62,0.00,-0.19,-0.06,5.75,132.37,25.19,89.75,1.62,99.69,-0.04,0.21,0.04,0.28,-9.66,-1.65,0.46,-0.56,0.52,-0.46,-87.81,-1.68,-99.74,
172146, 3,3,3,0,0.25,-9.48,-1.64,0.06,0.06,0.06,5.75,132.37,25.19,89.75,1.62,99.69,-0.02,0.17,0.01,0.28,-9.66,-1.65,0.46,-0.56,0.52,-0.46,-87.81,-1.68,-99.74,
172159, 3,3,3,0,0.26,-9.49,-1.67,0.00,-0.06,0.00,5.75,132.37,25.19,89.75,1.62,99.69,-0.02,0.16,-0.01,0.28,-9.66,-1.65,0.46,-0.56,0.52,-0.46,-87.81,-1.68,-99.74,
172171, 3,3,3,0,0.25,-9.49,-1.63,-0.06,0.19,0.13,5.75,132.37,25.19,89.75,1.62,99.69,0.00,0.17,0.00,0.28,-9.66,-1.65,0.46,-0.56,0.52,-0.46,-87.81,-1.68,-99.74,
172184, 3,3,3,0,0.27,-9.48,-1.65,0.06,0.06,0.19,5.37,132.69,26.37,89.75,1.62,99.69,-0.03,0.17,0.04,0.28,-9.66,-1.65,0.46,-0.56,0.52,-0.46,-87.81,-1.68,-99.74,
172196, 3,3,3,0,0.26,-9.45,-1.62,0.06,0.13,0.06,5.37,132.69,26.37,89.75,1.62,99.69,-0.02,0.20,0.03,0.28,-9.66,-1.65,0.46,-0.56,0.52,-0.46,-87.81,-1.68,-99.74,
172209, 3,3,3,0,0.25,-9.43,-1.65,0.00,0.19,-0.06,5.37,132.69,26.37,89.75,1.62,99.69,-0.03,0.22,0.00,0.28,-9.66,-1.65,0.46,-0.56,0.52,-0.46,-87.81,-1.68,-99.74,
172221, 3,3,3,0,0.23,-9.43,-1.62,0.13,0.06,0.06,5.37,132.69,26.37,89.75,1.62,99.69,-0.03,0.22,0.01,0.28,-9.66,-1.65,0.46,-0.56,0.52,-0.46,-87.81,-1.68,-99.74,
172233, 3,3,3,0,0.25,-9.44,-1.64,0.00,0.13,0.00,6.56,131.56,26.75,89.75,1.62,99.69,-0.03,0.19,0.03,0.28,-9.66,-1.65,0.46,-0.56,0.52,-0.46,-87.81,-1.68,-99.74,
172246, 3,3,3,0,0.25,-9.47,-1.65,0.00,0.00,-0.13,6.56,131.56,26.75,89.75,1.62,99.69,-0.03,0.18,0.00,0.28,-9.66,-1.65,0.46,-0.56,0.52,-0.46,-87.81,-1.68,-99.74,
172259, 3,3,3,0,0.25,-9.48,-1.65,-0.06,-0.06,0.06,6.56,131.56,26.75,89.75,1.62,99.69,-0.03,0.17,0.00,0.28,-9.66,-1.65,0.46,-0.56,0.52,-0.46,-87.81,-1.68,-99.74,
172271, 3,3,3,0,0.25,-9.48,-1.66,0.00,0.06,-0.06,6.56,131.56,26.75,89.75,1.62,99.69,-0.03,0.15,0.04,0.28,-9.66,-1.65,0.46,-0.56,0.52,-0.46,-87.81,-1.68,-99.74,
172283, 3,3,3,0,0.25,-9.50,-1.61,-0.06,0.06,0.13,5.06,132.69,26.00,89.75,1.62,99.69,-0.03,0.17,0.04,0.28,-9.66,-1.65,0.46,-0.56,0.52,-0.46,-87.81,-1.68,-99.74,
172296, 3,3,3,0,0.25,-9.49,-1.61,0.06,0.25,0.00,5.06,132.69,26.00,89.75,1.62,99.69,-0.03,0.16,0.04,0.28,-9.66,-1.65,0.46,-0.56,0.52,-0.46,-87.81,-1.68,-99.74,
172309, 3,3,3,0,0.25,-9.41,-1.64,-0.06,-0.13,-0.06,5.06,132.69,26.00,89.75,1.62,99.69,-0.02,0.24,0.01,0.28,-9.66,-1.65,0.46,-0.56,0.52,-0.46,-87.81,-1.68,-99.74,
172321, 3,3,3,0,0.25,-9.44,-1.62,0.00,0.06,0.06,5.06,132.69,26.00,89.75,1.62,99.69,-0.03,0.23,0.04,0.28,-9.66,-1.65,0.46,-0.56,0.52,-0.46,-87.81,-1.68,-99.74,
172334, 3,3,3,0,0.25,-9.42,-1.61,0.00,-0.13,0.06,6.19,132.00,25.19,89.75,1.62,99.69,-0.02,0.18,0.03,0.28,-9.66,-1.65,0.46,-0.56,0.52,-0.46,-87.81,-1.68,-99.74,
172346, 3,3,3,0,0.23,-9.42,-1.63,0.06,-0.13,0.00,6.19,132.00,25.19,89.75,1.62,99.69,-0.05,0.23,0.02,0.28,-9.66,-1.65,0.46,-0.56,0.52,-0.46,-87.81,-1.68,-99.74,
172359, 3,3,3,0,0.23,-9.48,-1.63,0.13,-0.06,0.00,6.19,132.00,25.19,89.75,1.62,99.69,-0.05,0.17,0.02,0.28,-9.66,-1.65,0.46,-0.56,0.52,-0.46,-87.81,-1.68,-99.74,
172371, 3,3,3,0,0.26,-9.47,-1.64,0.06,0.06,0.06,6.19,132.00,25.19,89.75,1.62,99.69,-0.03,0.16,0.02,0.28,-9.66,-1.65,0.46,-0.56,0.52,-0.46,-87.81,-1.68,-99.74,
172384, 3,3,3,0,0.25,-9.49,-1.63,0.00,0.13,0.06,6.19,132.37,25.56,89.75,1.62,99.69,-0.03,0.19,0.01,0.28,-9.66,-1.65,0.46,-0.56,0.52,-0.46,-87.81,-1.68,-99.74,
172397, 3,3,3,0,0.25,-9.48,-1.63,0.19,-0.06,-0.06,6.19,132.37,25.56,89.75,1.62,99.69,-0.02,0.17,0.02,0.28,-9.66,-1.65,0.46,-0.56,0.52,-0.46,-87.81,-1.68,-99.74,
172409, 3,3,3,0,0.26,-9.45,-1.65,0.13,0.13,-0.19,6.19,132.37,25.56,89.75,1.62,99.69,-0.02,0.20,0.00,0.28,-9.66,-1.65,0.46,-0.56,0.52,-0.46,-87.81,-1.68,-99.74,
172422, 3,3,3,0,0.24,-9.48,-1.64,0.13,0.06,0.00,6.19,132.37,25.56,89.75,1.62,99.69,-0.03,0.25,0.04,0.28,-9.66,-1.65,0.46,-0.56,0.52,-0.46,-87.81,-1.68,-99.74,
172434, 3,3,3,0,0.25,-9.40,-1.61,0.00,-0.19,0.00,6.19,132.37,26.37,89.75,1.62,99.69,-0.03,0.17,0.06,0.28,-9.66,-1.65,0.46,-0.56,0.52,-0.46,-87.81,-1.68,-99.74,
172446, 3,3,3,0,0.24,-9.44,-1.61,0.00,0.13,-0.13,6.19,132.37,26.37,89.75,1.62,99.69,-0.04,0.21,0.04,0.28,-9.66,-1.65,0.46,-0.56,0.52,-0.46,-87.81,-1.68,-99.74,
172459, 3,3,3,0,0.24,-9.49,-1.63,-0.06,0.06,-0.13,6.19,132.37,26.37,89.75,1.62,99.69,-0.04,0.16,0.02,0.28,-9.66,-1.65,0.46,-0.56,0.52,-0.46,-87.81,-1.68,-99.74,
172472, 3,3,3,0,0.26,-9.46,-1.63,0.00,0.13,-0.06,6.19,132.37,26.37,89.75,1.62,99.69,-0.03,0.16,0.02,0.28,-9.66,-1.65,0.46,-0.56,0.52,-0.46,-87.81,-1.68,-99.74,
172484, 3,3,3,0,0.25,-9.49,-1.63,0.06,0.06,0.19,6.19,132.00,26.75,89.75,1.62,99.69,-0.02,0.16,0.04,0.28,-9.66,-1.65,0.46,-0.56,0.52,-0.46,-87.81,-1.68,-99.74,
172497, 3,3,3,0,0.25,-9.50,-1.63,0.06,0.06,0.00,6.19,132.00,26.75,89.75,1.62,99.69,-0.02,0.15,0.02,0.28,-9.66,-1.65,0.46,-0.56,0.52,-0.46,-87.81,-1.68,-99.74,
172510, 3,3,3,0,0.26,-9.49,-1.64,0.06,-0.06,0.19,6.19,132.00,26.75,89.75,1.62,99.69,-0.02,0.16,0.01,0.28,-9.66,-1.65,0.46,-0.56,0.52,-0.46,-87.81,-1.68,-99.74,
172522, 3,3,3,0,0.25,-9.45,-1.65,0.13,0.06,0.19,6.19,132.00,26.75,89.75,1.62,99.69,-0.02,0.18,0.04,0.28,-9.66,-1.65,0.46,-0.56,0.52,-0.46,-87.81,-1.68,-99.74,
172534, 3,3,3,0,0.25,-9.47,-1.61,0.06,-0.13,-0.06,5.75,132.37,26.75,89.75,1.62,99.69,-0.04,0.21,0.04,0.28,-9.66,-1.65,0.46,-0.56,0.52,-0.46,-87.81,-1.68,-99.74,
172547, 3,3,3,0,0.24,-9.46,-1.59,0.13,0.13,0.00,5.75,132.37,26.75,89.75,1.62,99.69,-0.04,0.19,0.06,0.28,-9.66,-1.65,0.46,-0.56,0.52,-0.46,-87.81,-1.68,-99.74,
172559, 3,3,3,0,0.25,-9.44,-1.64,0.13,0.00,-0.06,5.75,132.37,26.75,89.75,1.62,99.69,-0.03,0.21,0.01,0.28,-9.66,-1.65,0.46,-0.56,0.52,-0.46,-87.81,-1.68,-99.74,
172572, 3,3,3,0,0.25,-9.46,-1.63,-0.13,0.00,0.06,5.75,132.37,26.75,89.75,1.62,99.69,-0.04,0.19,0.01,0.28,-9.66,-1.65,0.46,-0.56,0.52,-0.46,-87.81,-1.68,-99.74,
172585, 3,3,3,0,0.24,-9.46,-1.64,0.13,0.06,0.06,6.56,132.37,26.37,89.75,1.62,99.69,-0.01,0.17,0.00,0.28,-9.66,-1.65,0.46,-0.56,0.52,-0.46,-87.81,-1.68,-99.74,
172597, 3,3,3,0,0.26,-9.46,-1.64,0.06,0.13,0.00,6.56,132.37,26.37,89.75,1.62,99.69,-0.02,0.19,0.01,0.28,-9.66,-1.65,0.46,-0.56,0.52,-0.46,-87.81,-1.68,-99.74,
172610, 3,3,3,0,0.25,-9.50,-1.65,-0.06,0.13,0.06,6.56,132.37,26.37,89.75,1.62,99.69,-0.03,0.15,0.00,0.28,-9.66,-1.65,0.46,-0.56,0.52,-0.46,-87.81,-1.68,-99.74,
172622, 3,3,3,0,0.25,-9.46,-1.66,-0.06,-0.19,0.06,6.56,132.37,26.37,89.75,1.62,99.69,-0.04,0.18,0.03,0.28,-9.66,-1.65,0.46,-0.56,0.52,-0.46,-87.81,-1.68,-99.74,
172634, 3,3,3,0,0.24,-9.47,-1.62,0.06,0.06,0.00,6.19,133.06,26.37,89.75,1.62,99.69,-0.04,0.22,0.03,0.28,-9.66,-1.65,0.46,-0.56,0.52,-0.46,-87.81,-1.68,-99.74,
172647, 3,3,3,0,0.26,-9.46,-1.61,0.06,0.06,0.00,6.19,133.06,26.37,89.75,1.62,99.69,-0.02,0.19,0.04,0.28,-9.66,-1.65,0.46,-0.56,0.52,-0.46,-87.81,-1.68,-99.74,
172660, 3,3,3,0,0.25,-9.43,-1.64,0.00,-0.25,0.00,6.19,133.06,26.37,89.75,1.62,99.69,-0.03,0.22,0.01,0.28,-9.66,-1.65,0.46,-0.56,0.52,-0.46,-87.81,-1.68,-99.74,
172672, 3,3,3,0,0.23,-9.45,-1.59,-0.06,-0.06,0.00,6.19,133.06,26.37,89.75,1.62,99.69,-0.04,0.19,0.02,0.28,-9.66,-1.65,0.46,-0.56,0.52,-0.46,-87.81,-1.68,-99.74,
172685, 3,3,3,0,0.24,-9.46,-1.63,0.06,0.06,0.19,5.75,132.37,26.00,89.75,1.62,99.69,-0.01,0.18,0.01,0.28,-9.66,-1.65,0.46,-0.56,0.52,-0.46,-87.81,-1.68,-99.74,
172697, 3,3,3,0,0.24,-9.50,-1.59,0.06,-0.06,-0.06,5.75,132.37,26.00,89.75,1.62,99.69,-0.04,0.15,0.06,0.28,-9.66,-1.65,0.46,-0.56,0.52,-0.46,-87.81,-1.68,-99.74,
172710, 3,3,3,0,0.25,-9.47,-1.63,0.00,-0.19,0.13,5.75,132.37,26.00,89.75,1.62,99.69,-0.03,0.18,0.02,0.28,-9.66,-1.65,0.46,-0.56,0.52,-0.46,-87.81,-1.68,-99.74,
172722, 3,3,3,0,0.23,-9.49,-1.64,0.06,-0.13,-0.06,5.75,132.37,26.00,89.75,1.62,99.69,-0.03,0.18,0.00,0.28,-9.66,-1.65,0.46,-0.56,0.52,-0.46,-87.81,-1.68,-99.74,
172734, 3,3,3,0,0.25,-9.47,-1.65,0.00,-0.19,0.06,5.75,132.69,26.37,89.75,1.62,99.69,-0.03,0.19,0.03,0.28,-9.66,-1.65,0.46,-0.56,0.52,-0.46,-87.81,-1.68,-99.74,
172747, 3,3,3,0,0.24,-9.47,-1.60,0.13,0.13,0.00,5.75,132.69,26.37,89.75,1.62,99.69,-0.04,0.18,0.05,0.28,-9.66,-1.65,0.46,-0.56,0.52,-0.46,-87.81,-1.68,-99.74,
172759, 3,3,3,0,0.25,-9.43,-1.64,0.00,0.00,0.00,5.75,132.69,26.37,89.75,1.62,99.69,-0.03,0.22,0.01,0.28,-9.66,-1.65,0.46,-0.56,0.52,-0.46,-87.81,-1.68,-99.74,
172772, 3,3,3,0,0.24,-9.44,-1.63,-0.06,0.00,0.00,5.75,132.69,26.37,89.75,1.62,99.69,-0.02,0.21,0.01,0.28,-9.66,-1.65,0.46,-0.56,0.52,-0.46,-87.81,-1.68,-99.74,
172783, 3,3,3,0,0.26,-9.44,-1.64,0.00,0.19,-0.06,5.37,131.56,26.00,89.75,1.62,99.69,-0.02,0.18,0.02,0.28,-9.66,-1.65,0.46,-0.56,0.52,-0.46,-87.81,-1.68,-99.74,
172795, 3,3,3,0,0.26,-9.47,-1.63,0.00,-0.19,0.06,5.37,131.56,26.00,89.75,1.62,99.69,-0.03,0.16,0.05,0.28,-9.66,-1.65,0.46,-0.56,0.52,-0.46,-87.81,-1.68,-99.74,
172808, 3,3,3,0,0.25,-9.45,-1.66,0.06,-0.19,0.00,5.37,131.56,26.00,89.75,1.62,99.69,-0.02,0.20,0.00,0.28,-9.66,-1.65,0.46,-0.56,0.52,-0.46,-87.81,-1.68,-99.74,
172820, 3,3,3,0,0.26,-9.48,-1.63,0.06,0.06,-0.06,5.37,131.56,26.00,89.75,1.62,99.69,-0.02,0.17,0.02,0.28,-9.66,-1.65,0.46,-0.56,0.52,-0.46,-87.81,-1.68,-99.74,
172831, 3,3,3,0,0.25,-9.48,-1.64,-0.06,0.13,-0.06,5.37,131.56,26.00,89.75,1.62,99.69,-0.05,0.18,0.02,0.28,-9.66,-1.65,0.46,-0.56,0.52,-0.46,-87.81,-1.68,-99.74,
172844, 3,3,3,0,0.23,-9.47,-1.63,0.00,0.06,0.00,5.37,132.37,26.37,89.75,1.62,99.69,-0.04,0.19,0.00,0.28,-9.66,-1.65,0.46,-0.56,0.52,-0.46,-87.81,-1.68,-99.74,
172857, 3,3,3,0,0.24,-9.46,-1.65,0.00,0.19,0.00,5.37,132.37,26.37,89.75,1.62,99.69,-0.03,0.20,0.01,0.28,-9.66,-1.65,0.46,-0.56,0.52,-0.46,-87.81,-1.68,-99.74,
172870, 3,3,3,0,0.25,-9.45,-1.62,0.00,0.06,-0.06,5.37,132.37,26.37,89.75,1.62,99.69,-0.03,0.20,0.03,0.28,-9.66,-1.65,0.46,-0.56,0.52,-0.46,-87.81,-1.68,-99.74,
172881, 3,3,3,0,0.26,-9.46,-1.63,0.06,-0.13,-0.06,5.37,132.37,26.37,89.75,1.62,99.69,-0.01,0.19,0.02,0.28,-9.66,-1.65,0.46,-0.56,0.52,-0.46,-87.81,-1.68,-99.74,
172893, 3,3,3,0,0.26,-9.45,-1.64,0.06,-0.06,-0.06,6.19,132.69,26.37,89.75,1.62,99.69,-0.04,0.17,0.05,0.28,-9.66,-1.65,0.46,-0.56,0.52,-0.46,-87.81,-1.68,-99.74,
172906, 3,3,3,0,0.24,-9.48,-1.60,0.00,0.00,0.13,6.19,132.69,26.37,89.75,1.62,99.69,-0.02,0.19,0.00,0.28,-9.66,-1.65,0.46,-0.56,0.52,-0.46,-87.81,-1.68,-99.74,
172918, 3,3,3,0,0.26,-9.48,-1.62,0.13,0.13,-0.06,6.19,132.69,26.37,89.75,1.62,99.69,-0.02,0.17,0.03,0.28,-9.66,-1.65,0.46,-0.56,0.52,-0.46,-87.81,-1.68,-99.74,
172929, 3,3,3,0,0.24,-9.48,-1.65,0.06,0.19,0.19,6.19,132.69,26.37,89.75,1.62,99.69,-0.04,0.17,0.00,0.28,-9.66,-1.65,0.46,-0.56,0.52,-0.46,-87.81,-1.68,-99.74,
172942, 3,3,3,0,0.25,-9.49,-1.63,0.06,0.00,0.00,5.37,131.56,26.75,89.75,1.62,99.69,-0.04,0.19,0.03,0.28,-9.66,-1.65,0.46,-0.56,0.52,-0.46,-87.81,-1.68,-99.74,
172954, 3,3,3,0,0.24,-9.46,-1.62,0.06,0.00,0.00,5.37,131.56,26.75,89.75,1.62,99.69,-0.04,0.18,0.02,0.28,-9.66,-1.65,0.46,-0.56,0.52,-0.46,-87.81,-1.68,-99.74,
172967, 3,3,3,0,0.24,-9.47,-1.63,-0.06,0.06,0.06,5.37,131.56,26.75,89.75,1.62,99.69,-0.02,0.20,0.00,0.28,-9.66,-1.65,0.46,-0.56,0.52,-0.46,-87.81,-1.68,-99.74,
172977, 3,3,3,0,0.24,-9.43,-1.65,0.00,0.06,0.13,5.37,131.56,26.75,89.75,1.62,99.69,-0.04,0.22,0.00,0.28,-9.66,-1.65,0.46,-0.56,0.52,-0.46,-87.81,-1.68,-99.74,
172990, 3,3,3,0,0.23,-9.46,-1.61,-0.06,0.19,-0.06,5.37,132.00,26.75,89.75,1.62,99.69,-0.05,0.19,0.04,0.28,-9.66,-1.65,0.46,-0.56,0.52,-0.46,-87.81,-1.68,-99.74,
173003, 3,3,3,0,0.25,-9.48,-1.60,-0.06,0.19,-0.06,5.37,132.00,26.75,89.75,1.62,99.69,-0.02,0.21,0.00,0.28,-9.66,-1.65,0.46,-0.56,0.52,-0.46,-87.81,-1.68,-99.74,
173015, 3,3,3,0,0.25,-9.44,-1.66,0.00,0.06,-0.06,5.37,132.00,26.75,89.75,1.62,99.69,0.02,0.19,0.00,0.28,-9.66,-1.65,0.46,-0.56,0.52,-0.46,-87.81,-1.68,-99.74,
173026, 3,3,3,0,0.26,-9.48,-1.63,0.06,0.13,-0.06,5.37,132.00,26.75,89.75,1.62,99.69,-0.01,0.17,0.02,0.28,-9.66,-1.65,0.46,-0.56,0.52,-0.46,-87.81,-1.68,-99.74,
173038, 3,3,3,0,0.26,-9.50,-1.65,0.06,0.06,-0.06,5.75,132.00,26.37,89.75,1.62,99.69,-0.01,0.15,0.00,0.28,-9.66,-1.65,0.46,-0.56,0.52,-0.46,-87.81,-1.68,-99.74,
173051, 3,3,3,0,0.25,-9.49,-1.60,0.00,0.00,0.06,5.75,132.00,26.37,89.75,1.62,99.69,-0.02,0.16,0.05,0.28,-9.66,-1.65,0.46,-0.56,0.52,-0.46,-87.81,-1.68,-99.74,
173063, 3,3,3,0,0.23,-9.50,-1.66,0.06,0.19,0.06,5.75,132.00,26.37,89.75,1.62,99.69,-0.05,0.19,0.06,0.28,-9.66,-1.65,0.46,-0.56,0.52,-0.46,-87.81,-1.68,-99.74,
173075, 3,3,3,0,0.23,-9.46,-1.59,0.06,-0.06,0.06,5.75,132.00,26.37,89.75,1.62,99.69,-0.02,0.20,0.00,0.28,-9.66,-1.65,0.46,-0.56,0.52,-0.46,-87.81,-1.68,-99.74,
173087, 3,3,3,0,0.25,-9.45,-1.65,0.06,0.06,0.06,5.75,132.00,26.37,89.75,1.62,99.69,-0.04,0.21,0.06,0.28,-9.66,-1.65,0.46,-0.56,0.52,-0.46,-87.81,-1.68,-99.74,
173100, 3,3,3,0,0.26,-9.48,-1.62,-0.06,0.13,-0.06,5.75,132.00,26.37,89.75,1.62,99.69,-0.02,0.17,0.03,0.28,-9.66,-1.65,0.46,-0.56,0.52,-0.46,-87.81,-1.68,-99.74,
173113, 3,3,3,0,0.26,-9.44,-1.66,0.06,0.13,0.00,5.75,132.00,26.37,89.75,1.62,99.69,0.00,0.22,0.03,0.28,-9.66,-1.65,0.46,-0.56,0.52,-0.46,-87.81,-1.68,-99.74,
173125, 3,3,3,0,0.27,-9.44,-1.62,0.00,-0.13,0.06,5.75,132.00,26.37,89.75,1.62,99.69,-0.01,0.19,0.02,0.28,-9.66,-1.65,0.46,-0.56,0.52,-0.46,-87.81,-1.68,-99.74,
173138, 3,3,3,0,0.27,-9.46,-1.63,-0.06,-0.06,0.00,5.37,132.69,26.00,89.75,1.62,99.69,-0.05,0.18,0.05,0.28,-9.66,-1.65,0.46,-0.56,0.52,-0.46,-87.81,-1.68,-99.74,
173150, 3,3,3,0,0.26,-9.48,-1.60,0.00,-0.06,0.00,5.37,132.69,26.00,89.75,1.62,99.69,-0.01,0.17,0.05,0.28,-9.66,-1.65,0.46,-0.56,0.52,-0.46,-87.81,-1.68,-99.74,
173163, 3,3,3,0,0.24,-9.46,-1.66,0.00,-0.19,0.13,5.37,132.69,26.00,89.75,1.62,99.69,-0.04,0.19,0.04,0.28,-9.66,-1.65,0.46,-0.56,0.52,-0.46,-87.81,-1.68,-99.74,
173175, 3,3,3,0,0.24,-9.46,-1.61,0.00,0.00,0.00,5.37,132.69,26.00,89.75,1.62,99.69,-0.05,0.20,0.00,0.28,-9.66,-1.65,0.46,-0.56,0.52,-0.46,-87.81,-1.68,-99.74,
173187, 3,3,3,0,0.23,-9.45,-1.65,0.13,0.00,0.00,5.75,131.56,27.56,89.75,1.62,99.69,-0.06,0.17,0.01,0.28,-9.66,-1.65,0.46,-0.56,0.52,-0.46,-87.81,-1.68,-99.74,
173200, 3,3,3,0,0.23,-9.47,-1.63,-0.06,-0.19,0.06,5.75,131.56,27.56,89.75,1.62,99.69,-0.05,0.18,0.02,0.28,-9.66,-1.65,0.46,-0.56,0.52,-0.46,-87.81,-1.68,-99.74,
173212, 3,3,3,0,0.26,-9.47,-1.66,-0.06,-0.13,0.06,5.75,131.56,27.56,89.75,1.62,99.69,-0.04,0.20,0.03,0.28,-9.66,-1.65,0.46,-0.56,0.52,-0.46,-87.81,-1.68,-99.74,
173225, 3,3,3,0,0.24,-9.45,-1.62,0.06,0.06,0.13,5.75,131.56,27.56,89.75,1.62,99.69,-0.01,0.17,0.01,0.28,-9.66,-1.65,0.46,-0.56,0.52,-0.46,-87.81,-1.68,-99.74,
173237, 3,3,3,0,0.27,-9.48,-1.64,-0.06,0.06,-0.06,5.75,132.37,26.00,89.75,1.62,99.69,-0.01,0.18,0.00,0.28,-9.66,-1.65,0.46,-0.56,0.52,-0.46,-87.81,-1.68,-99.74,
173249, 3,3,3,0,0.25,-9.47,-1.60,0.06,0.06,0.06,5.75,132.37,26.00,89.75,1.62,99.69,-0.03,0.18,0.05,0.28,-9.66,-1.65,0.46,-0.56,0.52,-0.46,-87.81,-1.68,-99.74,
173262, 3,3,3,0,0.27,-9.48,-1.65,0.06,0.00,0.13,5.75,132.37,26.00,89.75,1.62,99.69,0.00,0.17,0.00,0.28,-9.66,-1.65,0.46,-0.56,0.52,-0.46,-87.81,-1.68,-99.74,
173274, 3,3,3,0,0.25,-9.50,-1.61,-0.06,0.00,0.00,5.75,132.37,26.00,89.75,1.62,99.69,-0.04,0.22,0.00,0.28,-9.66,-1.65,0.46,-0.56,0.52,-0.46,-87.81,-1.68,-99.74,
173286, 3,3,3,0,0.24,-9.43,-1.65,0.06,-0.06,0.13,5.37,132.37,28.00,89.75,1.62,99.69,-0.03,0.17,0.03,0.28,-9.66,-1.65,0.46,-0.56,0.52,-0.46,-87.81,-1.68,-99.74,
173299, 3,3,3,0,0.23,-9.47,-1.65,0.00,-0.31,-0.19,5.37,132.37,28.00,89.75,1.62,99.69,-0.05,0.18,0.00,0.28,-9.66,-1.65,0.46,-0.56,0.52,-0.46,-87.81,-1.68,-99.74,
173312, 3,3,3,0,0.23,-9.47,-1.64,0.00,-0.19,-0.06,5.37,132.37,28.00,89.75,1.62,99.69,-0.05,0.18,0.01,0.28,-9.66,-1.65,0.46,-0.56,0.52,-0.46,-87.81,-1.68,-99.74,
173324, 3,3,3,0,0.25,-9.44,-1.65,0.00,-0.06,0.00,5.37,132.37,28.00,89.75,1.62,99.69,-0.01,0.20,0.02,0.28,-9.66,-1.65,0.46,-0.56,0.52,-0.46,-87.81,-1.68,-99.74,
173336, 3,3,3,0,0.26,-9.45,-1.63,0.06,-0.06,-0.06,5.75,132.37,25.56,89.75,1.62,99.69,0.00,0.20,0.03,0.28,-9.66,-1.65,0.46,-0.56,0.52,-0.46,-87.81,-1.68,-99.74,
173348, 3,3,3,0,0.27,-9.45,-1.62,0.06,-0.13,0.00,5.75,132.37,25.56,89.75,1.62,99.69,0.00,0.16,0.03,0.28,-9.66,-1.65,0.46,-0.56,0.52,-0.46,-87.81,-1.68,-99.74,
173361, 3,3,3,0,0.25,-9.46,-1.63,0.06,0.00,-0.06,5.75,132.37,25.56,89.75,1.62,99.69,-0.03,0.19,0.02,0.28,-9.66,-1.65,0.46,-0.56,0.52,-0.46,-87.81,-1.68,-99.74,
173374, 3,3,3,0,0.27,-9.48,-1.65,0.00,-0.06,-0.06,5.75,132.37,25.56,89.75,1.62,99.69,-0.03,0.18,0.01,0.28,-9.66,-1.65,0.46,-0.56,0.52,-0.46,-87.81,-1.68,-99.74,
173386, 3,3,3,0,0.25,-9.47,-1.64,0.06,-0.06,0.06,5.06,132.69,25.56,89.75,1.62,99.69,-0.04,0.19,0.04,0.28,-9.66,-1.65,0.46,-0.56,0.52,-0.46,-87.81,-1.68,-99.74,
173398, 3,3,3,0,0.24,-9.46,-1.61,0.00,0.00,-0.06,5.06,132.69,25.56,89.75,1.62,99.69,-0.05,0.17,0.01,0.28,-9.66,-1.65,0.46,-0.56,0.52,-0.46,-87.81,-1.68,-99.74,
173410, 3,3,3,0,0.25,-9.48,-1.68,0.13,0.06,0.00,5.06,132.69,25.56,89.75,1.62,99.69,-0.02,0.17,-0.02,0.28,-9.66,-1.65,0.46,-0.56,0.52,-0.46,-87.81,-1.68,-99.74,
173423, 3,3,3,0,0.24,-9.44,-1.63,0.00,0.06,0.00,5.06,132.69,25.56,89.75,1.62,99.69,-0.02,0.16,-0.01,0.28,-9.66,-1.65,0.46,-0.56,0.52,-0.46,-87.81,-1.68,-99.74,
173434, 3,3,3,0,0.26,-9.49,-1.67,0.00,0.06,-0.19,5.06,132.69,25.56,89.75,1.62,99.69,-0.06,0.17,0.04,0.28,-9.66,-1.65,0.46,-0.56,0.52,-0.46,-87.81,-1.68,-99.74,
173447, 3,3,3,0,0.22,-9.48,-1.61,0.00,-0.13,-0.13,5.37,132.37,26.75,89.75,1.62,99.69,0.00,0.18,0.01,0.28,-9.66,-1.65,0.46,-0.56,0.52,-0.46,-87.81,-1.68,-99.74,
173460, 3,3,3,0,0.25,-9.48,-1.61,-0.13,-0.06,-0.06,5.37,132.37,26.75,89.75,1.62,99.69,-0.02,0.17,0.04,0.28,-9.66,-1.65,0.46,-0.56,0.52,-0.46,-87.81,-1.68,-99.74,
173473, 3,3,3,0,0.25,-9.46,-1.64,-0.06,-0.06,0.00,5.37,132.37,26.75,89.75,1.62,99.69,-0.02,0.19,0.01,0.28,-9.66,-1.65,0.46,-0.56,0.52,-0.46,-87.81,-1.68,-99.74,
173484, 3,3,3,0,0.26,-9.47,-1.60,0.13,-0.06,0.13,5.37,132.37,26.75,89.75,1.62,99.69,-0.03,0.19,0.00,0.28,-9.66,-1.65,0.46,-0.56,0.52,-0.46,-87.81,-1.68,-99.74,
173496, 3,3,3,0,0.25,-9.46,-1.65,0.00,-0.19,0.00,6.56,132.00,26.75,89.75,1.62,99.69,-0.04,0.18,0.03,0.28,-9.66,-1.65,0.46,-0.56,0.52,-0.46,-87.81,-1.68,-99.74,
173509, 3,3,3,0,0.24,-9.47,-1.62,0.06,0.19,-0.06,6.56,132.00,26.75,89.75,1.62,99.69,-0.03,0.20,-0.01,0.28,-9.66,-1.65,0.46,-0.56,0.52,-0.46,-87.81,-1.68,-99.74,
173522, 3,3,3,0,0.26,-9.46,-1.63,0.06,0.00,0.00,6.56,132.00,26.75,89.75,1.62,99.69,-0.01,0.19,0.02,0.28,-9.66,-1.65,0.46,-0.56,0.52,-0.46,-87.81,-1.68,-99.74,
173533, 3,3,3,0,0.23,-9.44,-1.63,0.06,0.06,-0.13,6.56,132.00,26.75,89.75,1.62,99.69,-0.05,0.21,0.02,0.28,-9.66,-1.65,0.46,-0.56,0.52,-0.46,-87.81,-1.68,-99.74,
173545, 3,3,3,0,0.26,-9.47,-1.64,0.06,0.06,-0.06,5.37,132.00,26.00,89.75,1.62,99.69,-0.01,0.21,0.00,0.28,-9.66,-1.65,0.46,-0.56,0.52,-0.46,-87.81,-1.68,-99.74,
173557, 3,3,3,0,0.26,-9.44,-1.65,0.00,0.13,0.00,5.37,132.00,26.00,89.75,1.62,99.69,-0.03,0.19,0.00,0.28,-9.66,-1.65,0.46,-0.56,0.52,-0.46,-87.81,-1.68,-99.74,
173570, 3,3,3,0,0.24,-9.45,-1.60,0.06,0.00,0.06,5.37,132.00,26.00,89.75,1.62,99.69,-0.04,0.20,0.05,0.28,-9.66,-1.65,0.46,-0.56,0.52,-0.46,-87.81,-1.68,-99.74,
173581, 3,3,3,0,0.27,-9.46,-1.59,0.00,0.06,0.06,5.37,132.00,26.00,89.75,1.62,99.69,-0.01,0.19,0.06,0.28,-9.66,-1.65,0.46,-0.56,0.52,-0.46,-87.81,-1.68,-99.74,
173594, 3,3,3,0,0.25,-9.47,-1.63,0.00,0.00,-0.06,5.75,132.69,26.37,89.75,1.62,99.69,-0.03,0.18,0.02,0.28,-9.66,-1.65,0.46,-0.56,0.52,-0.46,-87.81,-1.68,-99.74,
173606, 3,3,3,0,0.25,-9.47,-1.63,0.00,0.00,-0.13,5.75,132.69,26.37,89.75,1.62,99.69,-0.04,0.21,0.02,0.28,-9.66,-1.65,0.46,-0.56,0.52,-0.46,-87.81,-1.68,-99.74,
173619, 3,3,3,0,0.24,-9.44,-1.63,0.00,0.19,-0.13,5.75,132.69,26.37,89.75,1.62,99.69,-0.03,0.19,0.00,0.28,-9.66,-1.65,0.46,-0.56,0.52,-0.46,-87.81,-1.68,-99.74,
173628, 3,3,3,0,0.23,-9.46,-1.62,0.06,0.00,-0.13,5.75,132.69,26.37,89.75,1.62,99.69,-0.05,0.19,0.03,0.28,-9.66,-1.65,0.46,-0.56,0.52,-0.46,-87.81,-1.68,-99.74,
173641, 3,3,3,0,0.25,-9.48,-1.61,0.19,0.19,-0.06,5.75,131.56,27.19,89.75,1.62,99.69,-0.02,0.17,0.04,0.28,-9.66,-1.65,0.46,-0.56,0.52,-0.46,-87.81,-1.68,-99.74,
173654, 3,3,3,0,0.25,-9.46,-1.61,0.00,0.13,-0.06,5.75,131.56,27.19,89.75,1.62,99.69,-0.03,0.19,0.04,0.28,-9.66,-1.65,0.46,-0.56,0.52,-0.46,-87.81,-1.68,-99.74,
173666, 3,3,3,0,0.24,-9.49,-1.65,0.06,-0.06,-0.06,5.75,131.56,27.19,89.75,1.62,99.69,0.00,0.16,0.04,0.28,-9.66,-1.65,0.46,-0.56,0.52,-0.46,-87.81,-1.68,-99.74,
173677, 3,3,3,0,0.27,-9.49,-1.61,-0.06,0.00,-0.06,5.75,131.56,27.19,89.75,1.62,99.69,-0.02,0.19,0.01,0.28,-9.66,-1.65,0.46,-0.56,0.52,-0.46,-87.81,-1.68,-99.74,
173690, 3,3,3,0,0.25,-9.47,-1.63,0.06,-0.06,0.00,5.75,132.37,26.75,89.75,1.62,99.69,-0.02,0.18,0.02,0.28,-9.66,-1.65,0.46,-0.56,0.52,-0.46,-87.81,-1.68,-99.74,
173702, 3,3,3,0,0.25,-9.47,-1.63,0.00,0.06,-0.06,5.75,132.37,26.75,89.75,1.62,99.69,-0.03,0.18,0.02,0.28,-9.66,-1.65,0.46,-0.56,0.52,-0.46,-87.81,-1.68,-99.74,
173715, 3,3,3,0,0.24,-9.48,-1.63,0.13,0.19,-0.06,5.75,132.37,26.75,89.75,1.62,99.69,-0.04,0.19,0.01,0.28,-9.66,-1.65,0.46,-0.56,0.52,-0.46,-87.81,-1.68,-99.74,
173727, 3,3,3,0,0.24,-9.46,-1.64,0.06,0.06,-0.19,5.75,132.37,26.75,89.75,1.62,99.69,-0.05,0.21,0.04,0.28,-9.66,-1.65,0.46,-0.56,0.52,-0.46,-87.81,-1.68,-99.74,
173739, 3,3,3,0,0.23,-9.44,-1.61,0.13,-0.25,0.06,5.37,132.00,26.75,89.75,1.62,99.69,-0.03,0.20,0.00,0.28,-9.66,-1.65,0.46,-0.56,0.52,-0.46,-87.81,-1.68,-99.74,
173752, 3,3,3,0,0.25,-9.46,-1.64,0.00,-0.06,0.00,5.37,132.00,26.75,89.75,1.62,99.69,-0.02,0.19,0.01,0.28,-9.66,-1.65,0.46,-0.56,0.52,-0.46,-87.81,-1.68,-99.74,
173765, 3,3,3,0,0.25,-9.49,-1.67,0.13,0.06,-0.06,5.37,132.00,26.75,89.75,1.62,99.69,-0.03,0.19,0.04,0.28,-9.66,-1.65,0.46,-0.56,0.52,-0.46,-87.81,-1.68,-99.74,
173777, 3,3,3,0,0.25,-9.46,-1.61,0.13,-0.19,0.06,5.37,132.00,26.75,89.75,1.62,99.69,-0.01,0.18,0.01,0.28,-9.66,-1.65,0.46,-0.56,0.52,-0.46,-87.81,-1.68,-99.74,
173789, 3,3,3,0,0.27,-9.47,-1.64,0.06,-0.31,-0.06,5.75,132.37,26.00,89.75,1.62,99.69,-0.02,0.17,0.02,0.28,-9.66,-1.65,0.46,-0.56,0.52,-0.46,-87.81,-1.68,-99.74,
173802, 3,3,3,0,0.26,-9.44,-1.66,-0.13,-0.06,0.00,5.75,132.37,26.00,89.75,1.62,99.69,-0.02,0.21,0.00,0.28,-9.66,-1.65,0.46,-0.56,0.52,-0.46,-87.81,-1.68,-99.74,
173815, 3,3,3,0,0.27,-9.47,-1.63,0.06,0.00,-0.13,5.75,132.37,26.00,89.75,1.62,99.69,-0.02,0.19,0.00,0.28,-9.66,-1.65,0.46,-0.56,0.52,-0.46,-87.81,-1.68,-99.74,
173827, 3,3,3,0,0.26,-9.46,-1.65,0.06,-0.06,0.00,5.75,132.37,26.00,89.75,1.62,99.69,-0.03,0.19,0.04,0.28,-9.66,-1.65,0.46,-0.56,0.52,-0.46,-87.81,-1.68,-99.74,
173840, 3,3,3,0,0.25,-9.46,-1.61,-0.06,0.13,0.00,6.56,132.00,26.00,89.75,1.62,99.69,-0.04,0.21,0.00,0.28,-9.66,-1.65,0.46,-0.56,0.52,-0.46,-87.81,-1.68,-99.74,
173852, 3,3,3,0,0.23,-9.46,-1.66,-0.06,-0.06,0.13,6.56,132.00,26.00,89.75,1.62,99.69,-0.05,0.19,0.00,0.28,-9.66,-1.65,0.46,-0.56,0.52,-0.46,-87.81,-1.68,-99.74,
173865, 3,3,3,0,0.25,-9.48,-1.62,0.00,0.06,-0.06,6.56,132.00,26.00,89.75,1.62,99.69,-0.03,0.16,0.03,0.28,-9.66,-1.65,0.46,-0.56,0.52,-0.46,-87.81,-1.68,-99.74,
173877, 3,3,3,0,0.25,-9.49,-1.62,0.06,-0.06,0.00,6.56,132.00,26.00,89.75,1.62,99.69,-0.01,0.19,0.00,0.28,-9.66,-1.65,0.46,-0.56,0.52,-0.46,-87.81,-1.68,-99.74,
173890, 3,3,3,0,0.27,-9.46,-1.65,0.00,0.06,-0.06,5.75,132.69,26.37,89.75,1.62,99.69,-0.04,0.20,0.03,0.28,-9.66,-1.65,0.46,-0.56,0.52,-0.46,-87.81,-1.68,-99.74,
173902, 3,3,3,0,0.22,-9.45,-1.64,-0.06,0.00,0.13,5.75,132.69,26.37,89.75,1.62,99.69,-0.06,0.20,0.01,0.28,-9.66,-1.65,0.46,-0.56,0.52,-0.46,-87.81,-1.68,-99.74,
173915, 3,3,3,0,0.25,-9.48,-1.64,-0.06,0.13,0.06,5.75,132.69,26.37,89.75,1.62,99.69,-0.04,0.20,0.04,0.28,-9.66,-1.65,0.46,-0.56,0.52,-0.46,-87.81,-1.68,-99.74,
173927, 3,3,3,0,0.24,-9.45,-1.61,0.00,0.00,-0.06,5.75,132.69,26.37,89.75,1.62,99.69,-0.02,0.19,0.03,0.28,-9.66,-1.65,0.46,-0.56,0.52,-0.46,-87.81,-1.68,-99.74,
173939, 3,3,3,0,0.25,-9.46,-1.62,0.00,-0.25,0.13,6.19,132.37,25.56,89.75,1.62,99.69,-0.04,0.19,0.03,0.28,-9.66,-1.65,0.46,-0.56,0.52,-0.46,-87.81,-1.68,-99.74,
173952, 3,3,3,0,0.24,-9.45,-1.65,0.00,-0.13,-0.06,6.19,132.37,25.56,89.75,1.62,99.69,-0.04,0.20,0.00,0.28,-9.66,-1.65,0.46,-0.56,0.52,-0.46,-87.81,-1.68,-99.74,
177011, 3,3,3,0,0.27,-9.45,-1.61,0.00,-0.19,0.00,5.06,132.00,26.00,89.75,1.62,99.69,-0.02,0.20,0.02,0.28,-9.66,-1.65,0.46,-0.56,0.52,-0.46,-87.81,-1.68,-99.74,
177023, 3,3,3,0,0.26,-9.46,-1.62,0.06,-0.13,-0.13,5.06,132.00,26.00,89.75,1.62,99.69,-0.01,0.19,0.03,0.28,-9.66,-1.65,0.46,-0.56,0.52,-0.46,-87.81,-1.68,-99.74,
177036, 3,3,3,0,0.24,-9.46,-1.64,-0.06,-0.13,0.00,5.06,132.00,26.00,89.75,1.62,99.69,-0.05,0.17,0.02,0.28,-9.66,-1.65,0.46,-0.56,0.52,-0.46,-87.81,-1.68,-99.74,
177047, 3,3,3,0,0.23,-9.48,-1.63,0.13,-0.06,-0.06,5.37,131.56,26.37,89.75,1.62,99.69,-0.02,0.21,0.00,0.28,-9.66,-1.65,0.46,-0.56,0.52,-0.46,-87.81,-1.68,-99.74,
177060, 3,3,3,0,0.25,-9.44,-1.65,0.06,0.06,-0.06,5.37,131.56,26.37,89.75,1.62,99.69,-0.02,0.19,0.01,0.28,-9.66,-1.65,0.46,-0.56,0.52,-0.46,-87.81,-1.68,-99.74,
177073, 3,3,3,0,0.26,-9.47,-1.66,-0.06,-0.06,0.00,5.37,131.56,26.37,89.75,1.62,99.69,-0.02,0.18,0.00,0.28,-9.66,-1.65,0.46,-0.56,0.52,-0.46,-87.81,-1.68,-99.74,
177086, 3,3,3,0,0.23,-9.47,-1.62,0.00,-0.37,0.00,5.37,131.56,26.37,89.75,1.62,99.69,-0.05,0.21,0.00,0.28,-9.66,-1.65,0.46,-0.56,0.52,-0.46,-87.81,-1.68,-99.74,
177097, 3,3,3,0,0.23,-9.44,-1.65,0.06,0.13,-0.06,5.37,131.56,26.37,89.75,1.62,99.69,-0.03,0.21,0.05,0.28,-9.66,-1.65,0.46,-0.56,0.52,-0.46,-87.81,-1.68,-99.74,
177109, 3,3,3,0,0.25,-9.44,-1.60,0.00,-0.13,0.00,6.56,132.37,26.37,89.75,1.62,99.69,-0.02,0.16,0.03,0.28,-9.66,-1.65,0.46,-0.56,0.52,-0.46,-87.81,-1.68,-99.74,
177122, 3,3,3,0,0.24,-9.46,-1.61,-0.06,-0.37,-0.06,6.56,132.37,26.37,89.75,1.62,99.69,-0.04,0.19,0.04,0.28,-9.66,-1.65,0.46,-0.56,0.52,-0.46,-87.81,-1.68,-99.74,
177135, 3,3,3,0,0.25,-9.46,-1.64,0.06,-0.19,-0.06,6.56,132.37,26.37,89.75,1.62,99.69,-0.03,0.19,0.01,0.28,-9.66,-1.65,0.46,-0.56,0.52,-0.46,-87.81,-1.68,-99.74,
177146, 3,3,3,0,0.24,-9.47,-1.63,0.00,0.00,-0.06,6.56,132.37,26.37,89.75,1.62,99.69,-0.01,0.19,0.04,0.28,-9.66,-1.65,0.46,-0.56,0.52,-0.46,-87.81,-1.68,-99.74,
177158, 3,3,3,0,0.26,-9.46,-1.61,0.06,-0.06,0.00,5.37,132.37,26.37,89.75,1.62,99.69,-0.02,0.17,0.00,0.28,-9.66,-1.65,0.46,-0.56,0.52,-0.46,-87.81,-1.68,-99.74,
177171, 3,3,3,0,0.25,-9.48,-1.66,-0.06,0.00,-0.13,5.37,132.37,26.37,89.75,1.62,99.69,-0.04,0.20,0.00,0.28,-9.66,-1.65,0.46,-0.56,0.52,-0.46,-87.81,-1.68,-99.74,
177184, 3,3,3,0,0.26,-9.47,-1.63,0.00,-0.13,0.00,5.37,132.37,26.37,89.75,1.62,99.69,-0.02,0.18,0.02,0.28,-9.66,-1.65,0.46,-0.56,0.52,-0.46,-87.81,-1.68,-99.74,
177195, 3,3,3,0,0.26,-9.44,-1.62,-0.13,0.06,0.06,5.37,132.37,26.37,89.75,1.62,99.69,-0.02,0.22,0.03,0.28,-9.66,-1.65,0.46,-0.56,0.52,-0.46,-87.81,-1.68,-99.74,
177207, 3,3,3,0,0.25,-9.48,-1.59,0.13,-0.06,0.19,5.75,133.50,26.75,89.75,1.62,99.69,-0.02,0.19,0.01,0.28,-9.66,-1.65,0.46,-0.56,0.52,-0.46,-87.81,-1.68,-99.74,
177220, 3,3,3,0,0.25,-9.46,-1.64,0.06,0.19,0.06,5.75,133.50,26.75,89.75,1.62,99.69,-0.03,0.16,0.01,0.28,-9.66,-1.65,0.46,-0.56,0.52,-0.46,-87.81,-1.68,-99.74,
177233, 3,3,3,0,0.26,-9.49,-1.61,0.00,0.00,0.00,5.75,133.50,26.75,89.75,1.62,99.69,-0.02,0.16,0.04,0.28,-9.66,-1.65,0.46,-0.56,0.52,-0.46,-87.81,-1.68,-99.74,
177243, 3,3,3,0,0.26,-9.47,-1.62,0.00,0.06,0.13,5.75,133.50,26.75,89.75,1.62,99.69,-0.01,0.18,0.03,0.28,-9.66,-1.65,0.46,-0.56,0.52,-0.46,-87.81,-1.68,-99.74,
177256, 3,3,3,0,0.24,-9.45,-1.65,0.00,-0.13,-0.06,5.06,132.37,26.00,89.75,1.62,99.69,-0.02,0.18,0.01,0.28,-9.66,-1.65,0.46,-0.56,0.52,-0.46,-87.81,-1.68,-99.74,
177269, 3,3,3,0,0.26,-9.47,-1.64,0.13,0.13,0.06,5.06,132.37,26.00,89.75,1.62,99.69,-0.01,0.20,0.02,0.28,-9.66,-1.65,0.46,-0.56,0.52,-0.46,-87.81,-1.68,-99.74,
177282, 3,3,3,0,0.27,-9.45,-1.63,0.13,0.00,0.00,5.06,132.37,26.00,89.75,1.62,99.69,-0.04,0.18,0.02,0.28,-9.66,-1.65,0.46,-0.56,0.52,-0.46,-87.81,-1.68,-99.74,
177291, 3,3,3,0,0.25,-9.47,-1.62,-0.06,0.06,0.00,5.06,132.37,26.00,89.75,1.62,99.69,-0.03,0.18,0.03,0.28,-9.66,-1.65,0.46,-0.56,0.52,-0.46,-87.81,-1.68,-99.74,
177304, 3,3,3,0,0.24,-9.47,-1.62,-0.06,-0.13,-0.25,5.75,132.00,25.19,89.75,1.62,99.69,-0.04,0.18,0.03,0.28,-9.66,-1.65,0.46,-0.56,0.52,-0.46,-87.81,-1.68,-99.74,
177317, 3,3,3,0,0.25,-9.48,-1.64,0.00,0.00,-0.06,5.75,132.00,25.19,89.75,1.62,99.69,-0.02,0.17,0.00,0.28,-9.66,-1.65,0.46,-0.56,0.52,-0.46,-87.81,-1.68,-99.74,
177329, 3,3,3,0,0.26,-9.48,-1.66,0.00,0.06,0.00,5.75,132.00,25.19,89.75,1.62,99.69,-0.02,0.18,0.02,0.28,-9.66,-1.65,0.46,-0.56,0.52,-0.46,-87.81,-1.68,-99.74,
177340, 3,3,3,0,0.25,-9.47,-1.63,0.13,0.00,0.06,5.75,132.00,25.19,89.75,1.62,99.69,-0.05,0.19,0.01,0.28,-9.66,-1.65,0.46,-0.56,0.52,-0.46,-87.81,-1.68,-99.74,
177352, 3,3,3,0,0.24,-9.49,-1.64,0.06,0.06,-0.06,5.75,132.00,26.75,89.75,1.62,99.69,-0.04,0.16,0.01,0.28,-9.66,-1.65,0.46,-0.56,0.52,-0.46,-87.81,-1.68,-99.74,
177365, 3,3,3,0,0.25,-9.46,-1.64,0.06,0.00,0.06,5.75,132.00,26.75,89.75,1.62,99.69,-0.03,0.19,0.01,0.28,-9.66,-1.65,0.46,-0.56,0.52,-0.46,-87.81,-1.68,-99.74,
177378, 3,3,3,0,0.26,-9.47,-1.63,0.00,-0.19,0.06,5.75,132.00,26.75,89.75,1.62,99.69,-0.02,0.19,0.00,0.28,-9.66,-1.65,0.46,-0.56,0.52,-0.46,-87.81,-1.68,-99.74,
177389, 3,3,3,0,0.25,-9.46,-1.65,0.00,-0.13,0.00,5.75,132.00,26.75,89.75,1.62,99.69,-0.04,0.19,0.02,0.28,-9.66,-1.65,0.46,-0.56,0.52,-0.46,-87.81,-1.68,-99.74,
177402, 3,3,3,0,0.24,-9.46,-1.63,0.06,0.00,0.00,5.75,132.37,26.37,89.75,1.62,99.69,-0.04,0.17,0.01,0.28,-9.66,-1.65,0.46,-0.56,0.52,-0.46,-87.81,-1.68,-99.74,
177414, 3,3,3,0,0.24,-9.46,-1.63,0.13,0.13,0.00,5.75,132.37,26.37,89.75,1.62,99.69,-0.04,0.19,0.02,0.28,-9.66,-1.65,0.46,-0.56,0.52,-0.46,-87.81,-1.68,-99.74,
177427, 3,3,3,0,0.26,-9.46,-1.66,0.00,0.00,0.00,5.75,132.37,26.37,89.75,1.62,99.69,-0.04,0.17,0.03,0.28,-9.66,-1.65,0.46,-0.56,0.52,-0.46,-87.81,-1.68,-99.74,
177439, 3,3,3,0,0.24,-9.48,-1.62,0.06,-0.06,0.06,5.75,132.37,26.37,89.75,1.62,99.69,0.00,0.19,0.01,0.28,-9.66,-1.65,0.46,-0.56,0.52,-0.46,-87.81,-1.68,-99.74,
177451, 3,3,3,0,0.28,-9.46,-1.64,0.06,0.00,0.06,5.06,133.06,26.00,89.75,1.62,99.69,-0.03,0.15,0.04,0.28,-9.66,-1.65,0.46,-0.56,0.52,-0.46,-87.81,-1.68,-99.74,
177464, 3,3,3,0,0.24,-9.45,-1.66,0.00,-0.13,0.00,5.06,133.06,26.00,89.75,1.62,99.69,-0.04,0.20,0.00,0.28,-9.66,-1.65,0.46,-0.56,0.52,-0.46,-87.81,-1.68,-99.74,
177476, 3,3,3,0,0.26,-9.46,-1.63,0.00,0.13,-0.06,5.06,133.06,26.00,89.75,1.62,99.69,-0.02,0.19,0.02,0.28,-9.66,-1.65,0.46,-0.56,0.52,-0.46,-87.81,-1.68,-99.74,
177489, 3,3,3,0,0.23,-9.46,-1.63,0.06,-0.06,0.06,5.06,133.06,26.00,89.75,1.62,99.69,-0.05,0.17,0.03,0.28,-9.66,-1.65,0.46,-0.56,0.52,-0.46,-87.81,-1.68,-99.74,
177501, 3,3,3,0,0.23,-9.48,-1.62,-0.06,0.00,0.00,5.75,132.69,27.19,89.75,1.62,99.69,-0.03,0.20,0.01,0.28,-9.66,-1.65,0.46,-0.56,0.52,-0.46,-87.81,-1.68,-99.74,
177514, 3,3,3,0,0.26,-9.47,-1.64,0.00,0.25,0.00,5.75,132.69,27.19,89.75,1.62,99.69,-0.02,0.18,0.01,0.28,-9.66,-1.65,0.46,-0.56,0.52,-0.46,-87.81,-1.68,-99.74,
177526, 3,3,3,0,0.25,-9.46,-1.65,0.13,-0.25,0.13,5.75,132.69,27.19,89.75,1.62,99.69,-0.02,0.19,0.00,0.28,-9.66,-1.65,0.46,-0.56,0.52,-0.46,-87.81,-1.68,-99.74,
177539, 3,3,3,0,0.24,-9.44,-1.61,0.06,-0.06,0.06,5.75,132.69,27.19,89.75,1.62,99.69,-0.02,0.20,0.01,0.28,-9.66,-1.65,0.46,-0.56,0.52,-0.46,-87.81,-1.68,-99.74,
177551, 3,3,3,0,0.26,-9.45,-1.64,0.06,-0.13,0.13,5.75,131.56,27.19,89.75,1.62,99.69,-0.03,0.17,0.04,0.28,-9.66,-1.65,0.46,-0.56,0.52,-0.46,-87.81,-1.68,-99.74,
177564, 3,3,3,0,0.28,-9.46,-1.65,0.00,-0.19,0.00,5.75,131.56,27.19,89.75,1.62,99.69,0.00,0.19,0.00,0.28,-9.66,-1.65,0.46,-0.56,0.52,-0.46,-87.81,-1.68,-99.74,
177576, 3,3,3,0,0.25,-9.47,-1.65,0.06,0.19,0.00,5.75,131.56,27.19,89.75,1.62,99.69,-0.03,0.18,0.00,0.28,-9.66,-1.65,0.46,-0.56,0.52,-0.46,-87.81,-1.68,-99.74,
177589, 3,3,3,0,0.25,-9.46,-1.64,0.06,0.13,-0.13,5.75,131.56,27.19,89.75,1.62,99.69,-0.03,0.18,0.03,0.28,-9.66,-1.65,0.46,-0.56,0.52,-0.46,-87.81,-1.68,-99.74,
177601, 3,3,3,0,0.25,-9.47,-1.62,0.00,-0.19,0.00,5.75,133.06,26.00,89.75,1.62,99.69,-0.03,0.19,0.02,0.28,-9.66,-1.65,0.46,-0.56,0.52,-0.46,-87.81,-1.68,-99.74,
177614, 3,3,3,0,0.26,-9.44,-1.63,0.00,0.00,0.06,5.75,133.06,26.00,89.75,1.62,99.69,-0.02,0.21,0.02,0.28,-9.66,-1.65,0.46,-0.56,0.52,-0.46,-87.81,-1.68,-99.74,
177627, 3,3,3,0,0.25,-9.47,-1.63,0.00,-0.13,0.06,5.75,133.06,26.00,89.75,1.62,99.69,-0.03,0.18,0.02,0.28,-9.66,-1.65,0.46,-0.56,0.52,-0.46,-87.81,-1.68,-99.74,
177639, 3,3,3,0,0.25,-9.47,-1.62,0.06,-0.06,0.00,5.75,133.06,26.00,89.75,1.62,99.69,0.00,0.18,0.01,0.28,-9.66,-1.65,0.46,-0.56,0.52,-0.46,-87.81,-1.68,-99.74,
177651, 3,3,3,0,0.27,-9.47,-1.64,0.06,0.06,0.06,6.19,132.00,26.00,89.75,1.62,99.69,-0.01,0.22,0.01,0.28,-9.66,-1.65,0.46,-0.56,0.52,-0.46,-87.81,-1.68,-99.74,
177664, 3,3,3,0,0.24,-9.47,-1.63,0.06,0.19,0.00,6.19,132.00,26.00,89.75,1.62,99.69,-0.04,0.18,0.02,0.28,-9.66,-1.65,0.46,-0.56,0.52,-0.46,-87.81,-1.68,-99.74,
177677, 3,3,3,0,0.25,-9.45,-1.65,0.06,-0.13,0.06,6.19,132.00,26.00,89.75,1.62,99.69,-0.02,0.20,0.00,0.28,-9.66,-1.65,0.46,-0.56,0.52,-0.46,-87.81,-1.68,-99.74,
177689, 3,3,3,0,0.27,-9.47,-1.63,0.06,0.00,0.06,6.19,132.00,26.00,89.75,1.62,99.69,-0.03,0.19,0.04,0.28,-9.66,-1.65,0.46,-0.56,0.52,-0.46,-87.81,-1.68,-99.74,
177702, 3,3,3,0,0.25,-9.46,-1.61,0.06,0.06,0.00,5.37,132.00,26.75,89.75,1.62,99.69,-0.03,0.16,0.02,0.28,-9.66,-1.65,0.46,-0.56,0.52,-0.46,-87.81,-1.68,-99.74,
177714, 3,3,3,0,0.25,-9.44,-1.67,0.00,0.25,0.06,5.37,132.00,26.75,89.75,1.62,99.69,-0.03,0.22,-0.02,0.28,-9.66,-1.65,0.46,-0.56,0.52,-0.46,-87.81,-1.68,-99.74,
177727, 3,3,3,0,0.25,-9.48,-1.63,0.13,0.19,0.06,5.37,132.00,26.75,89.75,1.62,99.69,-0.03,0.17,0.02,0.28,-9.66,-1.65,0.46,-0.56,0.52,-0.46,-87.81,-1.68,-99.74,
177740, 3,3,3,0,0.26,-9.44,-1.64,0.06,0.13,0.06,5.37,132.00,26.75,89.75,1.62,99.69,0.00,0.17,0.05,0.28,-9.66,-1.65,0.46,-0.56,0.52,-0.46,-87.81,-1.68,-99.74,
177752, 3,3,3,0,0.28,-9.48,-1.60,0.06,0.06,0.13,5.37,132.37,26.37,89.75,1.62,99.69,-0.04,0.19,0.04,0.28,-9.66,-1.65,0.46,-0.56,0.52,-0.46,-87.81,-1.68,-99.74,
177764, 3,3,3,0,0.24,-9.48,-1.62,0.06,-0.06,0.06,5.37,132.37,26.37,89.75,1.62,99.69,-0.04,0.17,0.03,0.28,-9.66,-1.65,0.46,-0.56,0.52,-0.46,-87.81,-1.68,-99.74,
177777, 3,3,3,0,0.25,-9.47,-1.66,0.06,-0.25,-0.06,5.37,132.37,26.37,89.75,1.62,99.69,-0.02,0.18,0.00,0.28,-9.66,-1.65,0.46,-0.56,0.52,-0.46,-87.81,-1.68,-99.74,
177790, 3,3,3,0,0.24,-9.48,-1.62,-0.06,-0.19,0.00,5.37,132.37,26.37,89.75,1.62,99.69,-0.02,0.18,0.03,0.28,-9.66,-1.65,0.46,-0.56,0.52,-0.46,-87.81,-1.68,-99.74,
177802, 3,3,3,0,0.25,-9.47,-1.62,0.06,0.13,0.00,4.69,132.00,25.56,89.75,1.62,99.69,-0.03,0.20,0.05,0.28,-9.66,-1.65,0.46,-0.56,0.52,-0.46,-87.81,-1.68,-99.74,
177814, 3,3,3,0,0.25,-9.46,-1.65,0.06,-0.13,0.06,4.69,132.00,25.56,89.75,1.62,99.69,-0.03,0.19,0.00,0.28,-9.66,-1.65,0.46,-0.56,0.52,-0.46,-87.81,-1.68,-99.74,
177827, 3,3,3,0,0.25,-9.48,-1.65,0.00,0.06,0.06,4.69,132.00,25.56,89.75,1.62,99.69,-0.03,0.17,0.00,0.28,-9.66,-1.65,0.46,-0.56,0.52,-0.46,-87.81,-1.68,-99.74,
177840, 3,3,3,0,0.26,-9.45,-1.64,0.06,0.13,-0.06,4.69,132.00,25.56,89.75,1.62,99.69,-0.03,0.18,0.03,0.28,-9.66,-1.65,0.46,-0.56,0.52,-0.46,-87.81,-1.68,-99.74,
177852, 3,3,3,0,0.25,-9.47,-1.62,0.06,0.25,-0.19,6.19,130.87,26.00,89.75,1.62,99.69,-0.03,0.18,0.01,0.28,-9.66,-1.65,0.46,-0.56,0.52,-0.46,-87.81,-1.68,-99.74,
177864, 3,3,3,0,0.23,-9.46,-1.61,-0.13,0.00,0.00,6.19,130.87,26.00,89.75,1.62,99.69,-0.05,0.19,0.04,0.28,-9.66,-1.65,0.46,-0.56,0.52,-0.46,-87.81,-1.68,-99.74,
177877, 3,3,3,0,0.24,-9.44,-1.65,0.00,0.25,0.00,6.19,130.87,26.00,89.75,1.62,99.69,-0.04,0.21,0.00,0.28,-9.66,-1.65,0.46,-0.56,0.52,-0.46,-87.81,-1.68,-99.74,
177890, 3,3,3,0,0.26,-9.48,-1.66,0.00,-0.13,-0.06,6.19,130.87,26.00,89.75,1.62,99.69,-0.03,0.18,0.03,0.28,-9.66,-1.65,0.46,-0.56,0.52,-0.46,-87.81,-1.68,-99.74,
177902, 3,3,3,0,0.25,-9.47,-1.62,0.00,-0.13,-0.06,6.19,132.00,26.00,89.75,1.62,99.69,-0.03,0.17,0.02,0.28,-9.66,-1.65,0.46,-0.56,0.52,-0.46,-87.81,-1.68,-99.74,
177915, 3,3,3,0,0.25,-9.47,-1.65,0.06,-0.06,0.13,6.19,132.00,26.00,89.75,1.62,99.69,-0.02,0.18,0.00,0.28,-9.66,-1.65,0.46,-0.56,0.52,-0.46,-87.81,-1.68,-99.74,
177928, 3,3,3,0,0.28,-9.48,-1.64,0.00,0.19,0.00,6.19,132.00,26.00,89.75,1.62,99.69,0.00,0.17,0.01,0.28,-9.66,-1.65,0.46,-0.56,0.52,-0.46,-87.81,-1.68,-99.74,
177940, 3,3,3,0,0.22,-9.48,-1.64,-0.06,0.13,-0.06,6.19,132.00,26.00,89.75,1.62,99.69,-0.03,0.18,0.02,0.28,-9.66,-1.65,0.46,-0.56,0.52,-0.46,-87.81,-1.68,-99.74,
177953, 3,3,3,0,0.25,-9.47,-1.63,0.00,-0.25,0.06,5.37,132.69,26.00,89.75,1.62,99.69,-0.03,0.18,0.03,0.28,-9.66,-1.65,0.46,-0.56,0.52,-0.46,-87.81,-1.68,-99.74,
177965, 3,3,3,0,0.24,-9.46,-1.63,0.00,0.06,-0.13,5.37,132.69,26.00,89.75,1.62,99.69,-0.04,0.19,0.02,0.28,-9.66,-1.65,0.46,-0.56,0.52,-0.46,-87.81,-1.68,-99.74,
177978, 3,3,3,0,0.25,-9.46,-1.62,0.00,0.00,0.13,5.37,132.69,26.00,89.75,1.62,99.69,-0.03,0.19,0.03,0.28,-9.66,-1.65,0.46,-0.56,0.52,-0.46,-87.81,-1.68,-99.74,
177990, 3,3,3,0,0.24,-9.47,-1.65,0.06,0.06,-0.06,5.37,132.69,26.00,89.75,1.62,99.69,-0.01,0.19,0.04,0.28,-9.66,-1.65,0.46,-0.56,0.52,-0.46,-87.81,-1.68,-99.74,
178003, 3,3,3,0,0.26,-9.46,-1.61,-0.06,-0.06,-0.13,6.19,131.19,27.56,89.75,1.62,99.69,-0.06,0.19,0.01,0.28,-9.66,-1.65,0.46,-0.56,0.52,-0.46,-87.81,-1.68,-99.74,
178016, 3,3,3,0,0.25,-9.46,-1.64,0.13,0.19,-0.06,6.19,131.19,27.56,89.75,1.62,99.69,-0.03,0.19,0.01,0.28,-9.66,-1.65,0.46,-0.56,0.52,-0.46,-87.81,-1.68,-99.74,
178029, 3,3,3,0,0.25,-9.47,-1.63,0.00,-0.19,0.13,6.19,131.19,27.56,89.75,1.62,99.69,-0.02,0.18,0.01,0.28,-9.66,-1.65,0.46,-0.56,0.52,-0.46,-87.81,-1.68,-99.74,
178041, 3,3,3,0,0.25,-9.47,-1.64,0.00,-0.25,-0.06,6.19,131.19,27.56,89.75,1.62,99.69,-0.02,0.19,0.02,0.28,-9.66,-1.65,0.46,-0.56,0.52,-0.46,-87.81,-1.68,-99.74,
178054, 3,3,3,0,0.26,-9.46,-1.63,0.00,-0.19,-0.06,5.37,131.56,26.00,89.75,1.62,99.69,-0.03,0.17,0.04,0.28,-9.66,-1.65,0.46,-0.56,0.52,-0.46,-87.81,-1.68,-99.74,
178066, 3,3,3,0,0.23,-9.46,-1.61,0.06,0.13,0.19,5.37,131.56,26.00,89.75,1.62,99.69,-0.05,0.19,0.04,0.28,-9.66,-1.65,0.46,-0.56,0.52,-0.46,-87.81,-1.68,-99.74,
178079, 3,3,3,0,0.25,-9.46,-1.66,0.00,0.06,-0.13,5.37,131.56,26.00,89.75,1.62,99.69,-0.01,0.20,0.00,0.28,-9.66,-1.65,0.46,-0.56,0.52,-0.46,-87.81,-1.68,-99.74,
178091, 3,3,3,0,0.26,-9.45,-1.66,0.00,0.06,0.00,5.37,131.56,26.00,89.75,1.62,99.69,0.00,0.20,0.02,0.28,-9.66,-1.65,0.46,-0.56,0.52,-0.46,-87.81,-1.68,-99.74,
178104, 3,3,3,0,0.27,-9.45,-1.63,0.00,0.19,0.06,6.19,132.00,26.75,89.75,1.62,99.69,-0.02,0.17,0.04,0.28,-9.66,-1.65,0.46,-0.56,0.52,-0.46,-87.81,-1.68,-99.74,
178116, 3,3,3,0,0.26,-9.46,-1.62,0.06,-0.13,0.00,6.19,132.00,26.75,89.75,1.62,99.69,-0.02,0.19,0.03,0.28,-9.66,-1.65,0.46,-0.56,0.52,-0.46,-87.81,-1.68,-99.74,
178129, 3,3,3,0,0.24,-9.46,-1.64,0.00,-0.06,0.06,6.19,132.00,26.75,89.75,1.62,99.69,-0.04,0.16,0.03,0.28,-9.66,-1.65,0.46,-0.56,0.52,-0.46,-87.81,-1.68,-99.74,
178141, 3,3,3,0,0.24,-9.49,-1.62,-0.06,-0.06,0.13,6.19,132.00,26.75,89.75,1.62,99.69,0.00,0.18,0.02,0.28,-9.66,-1.65,0.46,-0.56,0.52,-0.46,-87.81,-1.68,-99.74,
178154, 3,3,3,0,0.27,-9.47,-1.63,-0.06,0.00,0.00,6.19,132.00,25.56,89.75,1.62,99.69,-0.02,0.16,0.05,0.28,-9.66,-1.65,0.46,-0.56,0.52,-0.46,-87.81,-1.68,-99.74,
178167, 3,3,3,0,0.24,-9.46,-1.65,0.06,0.31,-0.06,6.19,132.00,25.56,89.75,1.62,99.69,-0.04,0.19,0.00,0.28,-9.66,-1.65,0.46,-0.56,0.52,-0.46,-87.81,-1.68,-99.74,
178180, 3,3,3,0,0.25,-9.46,-1.64,0.00,0.13,0.13,6.19,132.00,25.56,89.75,1.62,99.69,-0.04,0.20,0.02,0.28,-9.66,-1.65,0.46,-0.56,0.52,-0.46,-87.81,-1.68,-99.74,
178192, 3,3,3,0,0.24,-9.45,-1.63,0.00,0.00,0.06,6.19,132.00,25.56,89.75,1.62,99.69,-0.03,0.16,0.05,0.28,-9.66,-1.65,0.46,-0.56,0.52,-0.46,-87.81,-1.68,-99.74,
178204, 3,3,3,0,0.25,-9.49,-1.60,0.13,0.06,0.06,6.19,131.56,26.37,89.75,1.62,99.69,-0.03,0.19,0.04,0.28,-9.66,-1.65,0.46,-0.56,0.52,-0.46,-87.81,-1.68,-99.74,
178217, 3,3,3,0,0.23,-9.47,-1.66,0.00,-0.25,0.00,6.19,131.56,26.37,89.75,1.62,99.69,-0.05,0.18,0.00,0.28,-9.66,-1.65,0.46,-0.56,0.52,-0.46,-87.81,-1.68,-99.74,
178230, 3,3,3,0,0.25,-9.46,-1.64,0.00,-0.13,-0.06,6.19,131.56,26.37,89.75,1.62,99.69,-0.02,0.19,0.01,0.28,-9.66,-1.65,0.46,-0.56,0.52,-0.46,-87.81,-1.68,-99.74,
178242, 3,3,3,0,0.25,-9.46,-1.64,0.06,0.19,0.00,6.19,131.56,26.37,89.75,1.62,99.69,-0.04,0.19,0.02,0.28,-9.66,-1.65,0.46,-0.56,0.52,-0.46,-87.81,-1.68,-99.74,
178254, 3,3,3,0,0.24,-9.46,-1.63,-0.06,0.06,0.00,5.37,132.00,27.25,89.75,1.62,99.69,-0.06,0.16,0.02,0.28,-9.66,-1.65,0.46,-0.56,0.52,-0.46,-87.81,-1.68,-99.74,
178267, 3,3,3,0,0.25,-9.45,-1.61,0.00,0.19,-0.06,5.37,132.00,27.25,89.75,1.62,99.69,-0.02,0.20,0.04,0.28,-9.66,-1.65,0.46,-0.56,0.52,-0.46,-87.81,-1.68,-99.74,
178279, 3,3,3,0,0.23,-9.47,-1.65,0.06,0.00,0.13,5.37,132.00,27.25,89.75,1.62,99.69,0.00,0.20,0.03,0.28,-9.66,-1.65,0.46,-0.56,0.52,-0.46,-87.81,-1.68,-99.74,
178292, 3,3,3,0,0.27,-9.45,-1.62,0.00,0.19,0.06,5.37,132.00,27.25,89.75,1.62,99.69,-0.03,0.16,0.02,0.28,-9.66,-1.65,0.46,-0.56,0.52,-0.46,-87.81,-1.68,-99.74,
178304, 3,3,3,0,0.25,-9.49,-1.63,0.13,0.25,0.06,4.69,132.69,26.37,89.75,1.62,99.69,-0.04,0.16,0.06,0.28,-9.66,-1.65,0.46,-0.56,0.52,-0.46,-87.81,-1.68,-99.74,
178317, 3,3,3,0,0.26,-9.45,-1.66,0.06,0.06,-0.13,4.69,132.69,26.37,89.75,1.62,99.69,-0.02,0.20,-0.01,0.28,-9.66,-1.65,0.46,-0.56,0.52,-0.46,-87.81,-1.68,-99.74,
178329, 3,3,3,0,0.25,-9.48,-1.63,-0.06,0.00,-0.13,4.69,132.69,26.37,89.75,1.62,99.69,-0.02,0.17,0.02,0.28,-9.66,-1.65,0.46,-0.56,0.52,-0.46,-87.81,-1.68,-99.74,
178342, 3,3,3,0,0.25,-9.45,-1.64,0.00,-0.13,0.00,4.69,132.69,26.37,89.75,1.62,99.69,-0.01,0.20,0.01,0.28,-9.66,-1.65,0.46,-0.56,0.52,-0.46,-87.81,-1.68,-99.74,
178354, 3,3,3,0,0.26,-9.45,-1.64,0.13,0.19,0.06,6.56,131.56,26.00,89.75,1.62,99.69,-0.03,0.21,0.02,0.28,-9.66,-1.65,0.46,-0.56,0.52,-0.46,-87.81,-1.68,-99.74,
178366, 3,3,3,0,0.25,-9.46,-1.61,0.06,0.06,0.00,6.56,131.56,26.00,89.75,1.62,99.69,-0.03,0.19,0.04,0.28,-9.66,-1.65,0.46,-0.56,0.52,-0.46,-87.81,-1.68,-99.74,
178379, 3,3,3,0,0.26,-9.46,-1.66,-0.06,0.06,0.06,6.56,131.56,26.00,89.75,1.62,99.69,-0.01,0.19,0.00,0.28,-9.66,-1.65,0.46,-0.56,0.52,-0.46,-87.81,-1.68,-99.74,
178392, 3,3,3,0,0.24,-9.46,-1.65,-0.06,0.00,0.00,6.56,131.56,26.00,89.75,1.62,99.69,-0.03,0.21,0.02,0.28,-9.66,-1.65,0.46,-0.56,0.52,-0.46,-87.81,-1.68,-99.74,
178404, 3,3,3,0,0.25,-9.44,-1.63,-0.06,-0.06,0.06,5.37,132.37,27.19,89.75,1.62,99.69,-0.04,0.19,0.01,0.28,-9.66,-1.65,0.46,-0.56,0.52,-0.46,-87.81,-1.68,-99.74,
178417, 3,3,3,0,0.25,-9.46,-1.64,-0.06,-0.19,0.13,5.37,132.37,27.19,89.75,1.62,99.69,-0.02,0.19,0.01,0.28,-9.66,-1.65,0.46,-0.56,0.52,-0.46,-87.81,-1.68,-99.74,
178430, 3,3,3,0,0.28,-9.47,-1.66,0.06,-0.06,-0.13,5.37,132.37,27.19,89.75,1.62,99.69,0.00,0.18,-0.01,0.28,-9.66,-1.65,0.46,-0.56,0.52,-0.46,-87.81,-1.68,-99.74,
178442, 3,3,3,0,0.25,-9.47,-1.66,0.00,0.00,-0.13,5.37,132.37,27.19,89.75,1.62,99.69,-0.04,0.19,0.02,0.28,-9.66,-1.65,0.46,-0.56,0.52,-0.46,-87.81,-1.68,-99.74,
178455, 3,3,3,0,0.24,-9.46,-1.63,0.06,-0.06,0.13,5.75,132.00,27.19,89.75,1.62,99.69,-0.03,0.17,0.01,0.28,-9.66,-1.65,0.46,-0.56,0.52,-0.46,-87.81,-1.68,-99.74,
178467, 3,3,3,0,0.26,-9.49,-1.62,0.00,0.00,0.00,5.75,132.00,27.19,89.75,1.62,99.69,-0.02,0.16,0.03,0.28,-9.66,-1.65,0.46,-0.56,0.52,-0.46,-87.81,-1.68,-99.74,
178480, 3,3,3,0,0.26,-9.44,-1.66,0.13,-0.19,-0.06,5.75,132.00,27.19,89.75,1.62,99.69,-0.01,0.21,-0.01,0.28,-9.66,-1.65,0.46,-0.56,0.52,-0.46,-87.81,-1.68,-99.74,
178492, 3,3,3,0,0.25,-9.48,-1.65,-0.06,0.00,-0.06,5.75,132.00,27.19,89.75,1.62,99.69,-0.05,0.19,0.04,0.28,-9.66,-1.65,0.46,-0.56,0.52,-0.46,-87.81,-1.68,-99.74,
178505, 3,3,3,0,0.23,-9.46,-1.61,0.06,-0.06,0.00,5.75,133.50,25.56,89.75,1.62,99.69,-0.01,0.16,0.02,0.28,-9.66,-1.65,0.46,-0.56,0.52,-0.46,-87.81,-1.68,-99.74,
178517, 3,3,3,0,0.27,-9.46,-1.63,0.06,0.00,-0.13,5.75,133.50,25.56,89.75,1.62,99.69,-0.01,0.19,0.02,0.28,-9.66,-1.65,0.46,-0.56,0.52,-0.46,-87.81,-1.68,-99.74,
178530, 3,3,3,0,0.23,-9.48,-1.63,0.00,-0.13,-0.19,5.75,133.50,25.56,89.75,1.62,99.69,-0.05,0.17,0.02,0.28,-9.66,-1.65,0.46,-0.56,0.52,-0.46,-87.81,-1.68,-99.74,
178542, 3,3,3,0,0.25,-9.46,-1.63,0.00,-0.06,0.00,5.75,133.50,25.56,89.75,1.62,99.69,0.00,0.19,0.03,0.28,-9.66,-1.65,0.46,-0.56,0.52,-0.46,-87.81,-1.68,-99.74,
178555, 3,3,3,0,0.29,-9.46,-1.62,0.00,-0.13,-0.06,6.56,132.00,26.37,89.75,1.62,99.69,-0.04,0.19,0.02,0.28,-9.66,-1.65,0.46,-0.56,0.52,-0.46,-87.81,-1.68,-99.74,
178567, 3,3,3,0,0.25,-9.47,-1.62,0.06,-0.19,-0.13,6.56,132.00,26.37,89.75,1.62,99.69,-0.03,0.18,0.03,0.28,-9.66,-1.65,0.46,-0.56,0.52,-0.46,-87.81,-1.68,-99.74,
178580, 3,3,3,0,0.27,-9.44,-1.65,0.00,-0.19,0.06,6.56,132.00,26.37,89.75,1.62,99.69,-0.01,0.21,0.00,0.28,-9.66,-1.65,0.46,-0.56,0.52,-0.46,-87.81,-1.68,-99.74,
178593, 3,3,3,0,0.24,-9.45,-1.63,0.00,0.13,-0.06,6.56,132.00,26.37,89.75,1.62,99.69,-0.01,0.17,0.02,0.28,-9.66,-1.65,0.46,-0.56,0.52,-0.46,-87.81,-1.68,-99.74,
178605, 3,3,3,0,0.27,-9.48,-1.63,-0.13,-0.19,-0.19,5.37,132.37,26.37,89.75,1.62,99.69,-0.08,0.11,0.09,0.28,-9.66,-1.65,0.46,-0.56,0.52,-0.46,-87.81,-1.68,-99.74,
178618, 3,3,3,0,0.21,-9.53,-1.56,0.00,-0.06,-0.06,5.37,132.37,26.37,89.75,1.62,99.69,-0.07,0.12,0.09,0.28,-9.66,-1.65,0.46,-0.56,0.52,-0.46,-87.81,-1.68,-99.74,
178630, 3,3,3,0,0.15,-9.55,-1.55,0.06,0.19,-0.06,5.37,132.37,26.37,89.75,1.62,99.69,-0.12,0.10,0.09,0.28,-9.66,-1.65,0.46,-0.56,0.52,-0.46,-87.81,-1.68,-99.74,
178643, 3,3,3,0,0.07,-9.61,-1.51,0.19,0.19,0.00,5.37,132.37,26.37,89.75,1.62,99.69,-0.21,0.15,0.06,0.28,-9.66,-1.65,0.46,-0.56,0.52,-0.46,-87.81,-1.68,-99.74,
178654, 3,3,3,0,0.07,-9.50,-1.59,0.19,0.13,0.13,5.37,132.37,27.25,89.75,1.62,99.69,-0.24,0.19,0.10,0.28,-9.66,-1.65,0.46,-0.56,0.52,-0.45,-87.82,-1.67,-99.74,
178666, 3,3,3,0,-0.06,-9.46,-1.61,0.25,0.00,0.13,5.37,132.37,27.25,89.75,1.62,99.69,-0.34,0.19,0.04,0.28,-9.66,-1.65,0.46,-0.56,0.52,-0.45,-87.81,-1.66,-99.74,
178679, 3,3,3,0,-0.25,-9.37,-1.61,0.31,0.00,0.19,5.37,132.37,27.25,89.75,1.62,99.69,-0.53,0.28,0.04,0.27,-9.66,-1.65,0.46,-0.56,0.52,-0.45,-87.82,-1.64,-99.74,
178692, 3,3,3,0,-0.29,-9.28,-1.67,0.25,-0.44,0.13,5.37,132.37,27.25,89.75,1.62,99.69,-0.59,0.36,-0.04,0.27,-9.66,-1.65,0.46,-0.56,0.52,-0.45,-87.82,-1.64,-99.74,
178704, 3,3,3,0,-0.31,-9.29,-1.69,0.19,-0.44,0.00,6.19,132.69,27.56,89.69,1.62,99.69,-0.79,0.32,0.12,0.27,-9.66,-1.65,0.46,-0.56,0.52,-0.45,-87.81,-1.64,-99.74,
178717, 3,3,3,0,-0.51,-9.33,-1.53,0.00,-0.81,-0.13,6.19,132.69,27.56,89.69,1.62,99.69,-0.83,0.28,0.06,0.27,-9.66,-1.65,0.46,-0.56,0.52,-0.45,-87.80,-1.63,-99.73,
178730, 3,3,3,0,-0.26,-9.54,-1.75,0.00,-1.06,-0.31,6.19,132.69,27.56,89.69,1.62,99.69,-0.54,0.11,-0.09,0.27,-9.66,-1.65,0.46,-0.56,0.52,-0.45,-87.78,-1.63,-99.74,
178743, 3,3,3,0,-0.41,-9.55,-1.57,-0.13,-1.31,-0.25,6.19,132.69,27.56,89.62,1.56,99.69,-0.39,0.00,-0.02,0.27,-9.66,-1.65,0.46,-0.56,0.52,-0.45,-87.77,-1.58,-99.74,
178752, 3,3,3,0,-0.12,-9.66,-1.68,-0.06,-1.62,-0.25,6.19,132.69,27.56,89.56,1.56,99.69,-0.44,-0.01,0.22,0.26,-9.66,-1.65,0.46,-0.56,0.52,-0.45,-87.75,-1.57,-99.74,
178762, 3,3,3,0,-0.17,-9.67,-1.43,0.06,-1.62,-0.31,6.19,132.37,26.75,89.56,1.56,99.69,-0.41,0.03,0.07,0.26,-9.66,-1.65,0.46,-0.56,0.52,-0.45,-87.74,-1.57,-99.74,
178774, 3,3,3,0,-0.14,-9.62,-1.58,-0.13,-1.56,-0.56,6.19,132.37,26.75,89.56,1.56,99.69,-0.46,0.03,0.22,0.26,-9.66,-1.65,0.46,-0.56,0.52,-0.45,-87.72,-1.57,-99.74,
178786, 3,3,3,0,-0.19,-9.63,-1.43,0.00,-1.56,-0.19,6.19,132.37,26.75,89.50,1.50,99.69,-0.26,0.32,0.02,0.26,-9.66,-1.65,0.46,-0.56,0.52,-0.45,-87.70,-1.54,-99.74,
178796, 3,3,3,0,0.12,-9.42,-1.59,0.31,-1.56,-0.19,6.19,132.37,26.75,89.50,1.50,99.69,-0.13,0.23,0.06,0.26,-9.66,-1.65,0.46,-0.56,0.52,-0.45,-87.69,-1.53,-99.74,
178808, 3,3,3,0,-0.24,-9.48,-1.44,-0.19,-1.12,-0.37,8.06,132.69,26.00,89.44,1.50,99.69,-0.49,0.17,0.21,0.25,-9.66,-1.65,0.46,-0.56,0.52,-0.45,-87.68,-1.50,-99.73,
178820, 3,3,3,0,0.03,-9.38,-1.95,0.00,-0.13,-0.37,8.06,132.69,26.00,89.37,1.44,99.69,-0.21,0.27,-0.29,0.25,-9.66,-1.65,0.46,-0.56,0.52,-0.45,-87.67,-1.43,-99.72,
178832, 3,3,3,0,-0.52,-9.28,-1.11,0.13,0.44,0.00,8.06,132.69,26.00,89.37,1.37,99.69,0.24,0.19,-0.46,0.24,-9.66,-1.65,0.46,-0.56,0.52,-0.45,-87.69,-1.43,-99.72,
178844, 3,3,3,0,0.48,-9.46,-2.11,0.06,1.06,-0.19,8.06,132.69,26.00,89.31,1.37,99.69,-0.31,0.13,0.18,0.24,-9.66,-1.65,0.46,-0.56,0.52,-0.45,-87.69,-1.41,-99.72,
178856, 3,3,3,0,-0.07,-9.53,-1.47,-0.19,0.81,-0.31,10.25,133.06,24.75,89.31,1.37,99.69,-0.15,0.03,-0.09,0.24,-9.66,-1.65,0.46,-0.56,0.52,-0.45,-87.70,-1.41,-99.73,
178869, 3,3,3,0,0.08,-9.40,-1.62,0.06,0.31,0.00,10.25,133.06,24.75,89.31,1.37,99.69,-0.15,0.26,0.02,0.24,-9.66,-1.65,0.46,-0.56,0.52,-0.45,-87.70,-1.41,-99.73,
178882, 3,3,3,0,0.39,-9.55,-1.82,0.31,0.19,0.13,10.25,133.06,24.75,89.31,1.37,99.69,-0.17,-0.01,0.45,0.24,-9.66,-1.65,0.46,-0.56,0.52,-0.45,-87.70,-1.41,-99.73,
178894, 3,3,3,0,0.06,-9.67,-1.20,-0.13,0.31,0.00,10.25,133.06,24.75,89.31,1.37,99.69,0.17,0.29,-0.36,0.24,-9.66,-1.65,0.46,-0.56,0.52,-0.45,-87.70,-1.41,-99.73,
178907, 3,3,3,0,0.41,-9.36,-2.01,0.50,-0.06,0.13,12.56,132.69,26.75,89.31,1.37,99.69,0.16,0.41,0.06,0.24,-9.66,-1.65,0.46,-0.56,0.52,-0.45,-87.70,-1.41,-99.73,
178920, 3,3,3,0,0.14,-9.53,-1.59,0.31,0.25,0.00,12.56,132.69,26.75,89.31,1.37,99.69,-0.09,0.12,0.05,0.24,-9.66,-1.65,0.46,-0.56,0.52,-0.45,-87.70,-1.41,-99.72,
178933, 3,3,3,0,0.12,-9.12,-1.55,-0.13,0.62,0.06,12.56,132.69,26.75,89.37,1.37,99.69,0.53,0.49,-0.36,0.24,-9.66,-1.65,0.46,-0.56,0.52,-0.45,-87.70,-1.41,-99.72,
178945, 3,3,3,0,0.77,-9.17,-2.02,0.19,0.37,0.31,12.56,132.69,26.75,89.37,1.37,99.69,-0.18,0.50,0.06,0.24,-9.66,-1.65,0.46,-0.56,0.52,-0.45,-87.70,-1.41,-99.72,
178957, 3,3,3,0,0.05,-9.15,-1.59,-0.19,0.75,-0.19,15.50,132.00,25.56,89.37,1.37,99.69,-0.35,-0.03,0.59,0.24,-9.66,-1.65,0.46,-0.56,0.52,-0.45,-87.70,-1.41,-99.72,
178969, 3,3,3,0,0.27,-8.91,-2.18,-0.44,0.69,-0.13,15.50,132.00,25.56,89.37,1.37,99.69,0.03,0.74,-0.53,0.24,-9.66,-1.65,0.46,-0.56,0.52,-0.45,-87.71,-1.41,-99.72,
178982, 3,3,3,0,0.81,-9.58,-1.58,0.37,-0.19,0.13,15.50,132.00,25.56,89.37,1.37,99.69,0.57,0.07,0.07,0.24,-9.66,-1.65,0.46,-0.56,0.52,-0.45,-87.72,-1.41,-99.74,
178994, 3,3,3,0,-0.28,-9.40,-1.91,-0.37,0.00,-0.13,15.50,132.00,25.56,89.37,1.37,99.69,-0.11,0.41,-0.34,0.24,-9.66,-1.65,0.46,-0.56,0.52,-0.45,-87.72,-1.41,-99.74,
179007, 3,3,3,0,0.13,-9.24,-2.00,-0.13,0.19,0.19,18.06,129.69,26.75,89.37,1.37,99.69,0.32,0.13,-0.04,0.24,-9.66,-1.65,0.46,-0.56,0.52,-0.45,-87.72,-1.41,-99.74,
179020, 3,3,3,0,0.19,-9.54,-1.55,-0.06,0.31,-0.13,18.06,129.69,26.75,89.37,1.37,99.69,-0.04,0.12,0.10,0.24,-9.66,-1.65,0.46,-0.56,0.52,-0.45,-87.72,-1.41,-99.73,
179033, 3,3,3,0,0.08,-10.06,-1.03,-0.19,0.75,0.37,18.06,129.69,26.75,89.37,1.37,99.69,0.13,0.82,-0.43,0.24,-9.66,-1.65,0.46,-0.56,0.52,-0.45,-87.73,-1.41,-99.72,
179045, 3,3,3,0,0.37,-8.84,-2.09,0.81,0.62,0.00,18.06,129.69,26.75,89.37,1.37,99.69,0.37,0.08,0.10,0.24,-9.66,-1.65,0.46,-0.56,0.52,-0.45,-87.74,-1.42,-99.73,
179057, 3,3,3,0,0.61,-9.57,-1.55,-0.13,0.13,0.13,20.37,128.56,26.37,89.37,1.37,99.69,-0.44,0.35,-0.15,0.24,-9.66,-1.65,0.46,-0.56,0.52,-0.45,-87.74,-1.42,-99.73,
179070, 3,3,3,0,0.03,-9.53,-1.55,-0.13,-0.19,0.00,20.37,128.56,26.37,89.37,1.37,99.69,-0.20,0.13,0.09,0.24,-9.66,-1.65,0.46,-0.56,0.52,-0.45,-87.74,-1.42,-99.73,
179083, 3,3,3,0,0.23,-9.15,-1.60,0.19,-0.19,0.00,20.37,128.56,26.37,89.37,1.37,99.69,0.28,0.07,-0.15,0.24,-9.66,-1.65,0.46,-0.56,0.52,-0.45,-87.74,-1.42,-99.73,
179095, 3,3,3,0,0.52,-9.58,-1.80,0.25,-0.06,-0.31,20.37,128.56,26.37,89.37,1.37,99.69,0.00,-0.37,0.09,0.24,-9.66,-1.65,0.46,-0.56,0.52,-0.45,-87.74,-1.42,-99.73,
179107, 3,3,3,0,0.24,-10.03,-1.55,0.37,0.00,-0.13,21.87,126.69,28.75,89.37,1.37,99.69,-0.25,0.38,0.34,0.24,-9.66,-1.65,0.46,-0.56,0.52,-0.45,-87.74,-1.42,-99.73,
179120, 3,3,3,0,0.71,-9.66,-1.93,0.19,0.06,0.06,21.87,126.69,28.75,89.37,1.37,99.69,0.47,0.00,-0.28,0.24,-9.66,-1.65,0.46,-0.56,0.52,-0.45,-87.74,-1.42,-99.73,
179133, 3,3,3,0,0.16,-9.28,-1.79,0.06,-0.06,0.00,21.87,126.69,28.75,89.37,1.37,99.69,0.12,0.28,-0.28,0.24,-9.66,-1.65,0.46,-0.56,0.52,-0.45,-87.74,-1.42,-99.73,
179145, 3,3,3,0,0.37,-9.37,-1.93,0.25,0.00,-0.06,21.87,126.69,28.75,89.37,1.37,99.69,0.10,0.33,0.35,0.24,-9.66,-1.65,0.46,-0.56,0.52,-0.45,-87.74,-1.42,-99.73,
179157, 3,3,3,0,0.34,-9.32,-1.30,0.00,0.00,-0.25,24.06,124.50,28.37,89.37,1.37,99.69,0.06,0.00,-0.06,0.24,-9.66,-1.65,0.46,-0.56,0.52,-0.45,-87.74,-1.42,-99.73,
179168, 3,3,3,0,0.22,-9.53,-1.69,-0.19,-0.06,0.06,24.06,124.50,28.37,89.37,1.37,99.69,-0.02,0.12,-0.03,0.24,-9.66,-1.65,0.46,-0.56,0.52,-0.45,-87.74,-1.42,-99.73,
179181, 3,3,3,0,0.24,-9.27,-1.78,0.00,-0.06,-0.13,24.06,124.50,28.37,89.37,1.37,99.69,0.00,0.39,-0.13,0.24,-9.66,-1.65,0.46,-0.56,0.52,-0.45,-87.74,-1.40,-99.72,
179194, 3,3,3,0,-0.11,-9.71,-1.04,-0.06,0.19,-0.06,24.06,124.50,28.37,89.37,1.37,99.69,0.32,0.34,-0.41,0.24,-9.66,-1.65,0.46,-0.56,0.52,-0.45,-87.74,-1.41,-99.72,
179205, 3,3,3,0,0.56,-9.31,-2.07,0.06,-0.44,0.00,26.69,122.19,28.75,89.37,1.37,99.69,-0.10,-0.15,-0.33,0.24,-9.66,-1.65,0.46,-0.56,0.52,-0.45,-87.74,-1.40,-99.73,
179218, 3,3,3,0,0.13,-9.81,-1.99,0.00,-0.31,-0.13,26.69,122.19,28.75,89.37,1.37,99.69,-0.48,-0.10,0.81,0.24,-9.66,-1.65,0.46,-0.56,0.52,-0.45,-87.74,-1.40,-99.73,
179231, 3,3,3,0,0.66,-9.45,-2.52,0.44,-0.44,-0.06,26.69,122.19,28.75,89.37,1.37,99.69,0.42,0.20,-0.87,0.24,-9.66,-1.65,0.46,-0.56,0.52,-0.45,-87.74,-1.40,-99.73,
179244, 3,3,3,0,0.23,-9.78,-2.06,-0.13,-0.50,0.06,26.69,122.19,28.75,89.37,1.37,99.69,-0.06,0.13,0.27,0.24,-9.66,-1.65,0.46,-0.56,0.52,-0.45,-87.74,-1.40,-99.73,
179257, 3,3,3,0,0.17,-9.52,-1.37,0.06,-0.06,-0.19,27.87,119.19,30.37,89.37,1.37,99.69,-0.05,0.04,0.00,0.24,-9.66,-1.65,0.46,-0.56,0.52,-0.45,-87.74,-1.40,-99.73,
179270, 3,3,3,0,0.47,-9.25,-1.94,-0.13,-0.25,0.25,27.87,119.19,30.37,89.37,1.37,99.69,0.23,0.40,-0.29,0.24,-9.66,-1.65,0.46,-0.56,0.52,-0.45,-87.74,-1.40,-99.73,
179283, 3,3,3,0,0.47,-9.59,-2.07,0.06,-0.56,-0.13,27.87,119.19,30.37,89.37,1.37,99.69,0.22,0.06,-0.41,0.24,-9.66,-1.65,0.46,-0.56,0.52,-0.45,-87.74,-1.41,-99.72,
179295, 3,3,3,0,-0.05,-9.55,-0.93,-0.25,0.13,-0.19,27.87,119.19,30.37,89.37,1.37,99.69,-0.10,0.63,-0.09,0.24,-9.66,-1.65,0.46,-0.56,0.52,-0.45,-87.74,-1.41,-99.72,
179308, 3,3,3,0,0.13,-9.02,-1.75,0.00,0.37,-0.06,27.87,115.56,29.25,89.37,1.37,99.69,-0.45,0.68,0.34,0.24,-9.66,-1.65,0.46,-0.56,0.52,-0.45,-87.74,-1.41,-99.72,
179321, 3,3,3,0,0.47,-10.03,-1.73,-0.37,0.00,0.25,27.87,115.56,29.25,89.37,1.37,99.69,0.23,-0.37,-0.07,0.24,-9.66,-1.65,0.46,-0.56,0.52,-0.45,-87.74,-1.41,-99.72,
179334, 3,3,3,0,-0.03,-9.16,-1.35,0.19,0.19,-0.25,27.87,115.56,29.25,89.37,1.37,99.69,0.20,0.17,-0.17,0.24,-9.66,-1.65,0.46,-0.56,0.52,-0.45,-87.74,-1.41,-99.72,
179346, 3,3,3,0,0.44,-9.48,-1.82,-0.50,-0.31,-0.31,27.87,115.56,29.25,89.37,1.37,99.69,-0.46,-0.20,0.49,0.24,-9.66,-1.65,0.46,-0.56,0.52,-0.45,-87.74,-1.41,-99.72,
179359, 3,3,3,0,-0.22,-9.87,-1.15,0.19,-0.62,-0.19,28.19,114.37,30.37,89.37,1.37,99.69,0.18,0.25,-0.33,0.24,-9.66,-1.65,0.46,-0.56,0.52,-0.45,-87.73,-1.40,-99.72,
179372, 3,3,3,0,0.62,-9.56,-1.59,-0.06,-0.50,-0.06,28.19,114.37,30.37,89.37,1.37,99.69,0.38,0.09,0.05,0.24,-9.66,-1.65,0.46,-0.56,0.52,-0.45,-87.73,-1.40,-99.72,
179385, 3,3,3,0,0.39,-9.91,-1.41,-0.06,-0.25,-0.06,28.19,114.37,30.37,89.37,1.37,99.69,-0.18,0.69,-0.33,0.24,-9.66,-1.65,0.46,-0.56,0.52,-0.45,-87.73,-1.40,-99.72,
179396, 3,3,3,0,0.05,-8.97,-1.99,0.56,-0.44,0.06,28.19,114.37,30.37,89.37,1.37,99.69,0.39,-0.14,0.00,0.24,-9.66,-1.65,0.46,-0.56,0.52,-0.45,-87.73,-1.40,-99.72,
179409, 3,3,3,0,0.63,-9.80,-1.66,0.19,-0.06,-0.25,28.56,111.75,30.37,89.37,1.37,99.69,-0.16,0.47,-0.01,0.24,-9.66,-1.65,0.46,-0.56,0.52,-0.45,-87.73,-1.40,-99.72,
179422, 3,3,3,0,0.23,-9.37,-1.68,-0.06,0.50,-0.06,28.56,111.75,30.37,89.37,1.37,99.69,0.00,0.28,-0.02,0.24,-9.66,-1.65,0.46,-0.56,0.52,-0.45,-87.73,-1.40,-99.72,
179435, 3,3,3,0,0.00,-9.16,-1.53,0.31,0.19,0.13,28.56,111.75,30.37,89.37,1.37,99.69,0.44,0.00,-0.39,0.24,-9.66,-1.65,0.46,-0.56,0.52,-0.45,-87.73,-1.40,-99.72,
179446, 3,3,3,0,0.68,-9.65,-2.05,0.13,0.13,-0.13,28.56,111.75,30.37,89.37,1.37,99.69,0.09,-0.04,-0.04,0.24,-9.66,-1.65,0.46,-0.56,0.52,-0.45,-87.73,-1.41,-99.73,
179458, 3,3,3,0,0.33,-9.70,-1.70,0.06,0.00,-0.13,29.00,109.56,30.06,89.37,1.37,99.69,0.13,0.12,0.23,0.24,-9.66,-1.65,0.46,-0.56,0.52,-0.45,-87.73,-1.41,-99.73,
179470, 3,3,3,0,0.24,-8.87,-2.14,0.19,-0.25,0.00,29.00,109.56,30.06,89.37,1.37,99.69,0.00,0.78,-0.48,0.24,-9.66,-1.65,0.46,-0.56,0.52,-0.45,-87.73,-1.42,-99.74,
179482, 3,3,3,0,0.50,-9.99,-1.41,-0.37,-0.13,-0.19,29.00,109.56,30.06,89.37,1.37,99.69,0.26,-0.33,0.24,0.24,-9.66,-1.65,0.46,-0.56,0.52,-0.45,-87.73,-1.44,-99.74,
179495, 3,3,3,0,0.68,-9.71,-1.77,0.13,-0.50,0.13,29.00,109.56,30.06,89.44,1.44,99.75,0.06,0.61,-0.23,0.24,-9.66,-1.66,0.46,-0.56,0.52,-0.45,-87.73,-1.45,-99.75,
179507, 3,3,3,0,0.31,-9.04,-1.89,0.25,-0.13,-0.13,28.56,106.56,31.25,89.44,1.44,99.75,-0.11,0.17,0.27,0.24,-9.66,-1.66,0.46,-0.56,0.52,-0.45,-87.73,-1.45,-99.75,
179520, 3,3,3,0,0.04,-9.14,-1.76,0.06,-0.06,-0.37,28.56,106.56,31.25,89.44,1.44,99.75,-0.19,0.51,-0.10,0.24,-9.66,-1.66,0.46,-0.56,0.52,-0.45,-87.73,-1.45,-99.75,
179533, 3,3,3,0,0.64,-9.66,-1.52,-0.31,0.06,0.06,28.56,106.56,31.25,89.44,1.44,99.75,0.40,0.00,0.13,0.24,-9.66,-1.66,0.46,-0.56,0.52,-0.45,-87.73,-1.45,-99.75,
179546, 3,3,3,0,-0.17,-9.21,-1.60,0.00,0.06,-0.31,28.56,106.56,31.25,89.44,1.44,99.75,0.53,-0.16,-0.29,0.24,-9.66,-1.66,0.46,-0.56,0.52,-0.45,-87.73,-1.45,-99.76,
179559, 3,3,3,0,0.78,-9.82,-1.95,0.06,-0.06,-0.37,28.56,105.06,32.50,89.44,1.44,99.75,0.29,0.11,-0.44,0.24,-9.66,-1.66,0.46,-0.56,0.52,-0.45,-87.73,-1.45,-99.76,
179572, 3,3,3,0,0.14,-9.47,-1.32,-0.13,0.06,0.06,28.56,105.06,32.50,89.44,1.44,99.75,-0.10,0.18,0.34,0.24,-9.66,-1.66,0.46,-0.56,0.52,-0.45,-87.73,-1.45,-99.76,
179585, 3,3,3,0,0.51,-9.47,-2.39,-0.31,-0.13,0.06,28.56,105.06,32.50,89.44,1.44,99.75,0.03,0.08,-0.10,0.24,-9.66,-1.66,0.46,-0.56,0.52,-0.45,-87.73,-1.45,-99.76,
179597, 3,3,3,0,0.28,-9.57,-1.77,0.37,-0.06,0.31,28.56,105.06,32.50,89.44,1.44,99.75,0.25,0.34,-0.24,0.24,-9.66,-1.66,0.46,-0.56,0.52,-0.45,-87.73,-1.45,-99.76,
179609, 3,3,3,0,0.49,-9.32,-1.90,0.19,0.19,-0.13,29.00,103.19,31.25,89.44,1.44,99.75,-0.07,0.13,0.07,0.24,-9.66,-1.66,0.46,-0.56,0.52,-0.45,-87.73,-1.45,-99.77,
179621, 3,3,3,0,0.28,-9.22,-1.74,0.06,-0.13,-0.13,29.00,103.19,31.25,89.44,1.44,99.75,0.04,0.43,-0.08,0.24,-9.66,-1.66,0.46,-0.56,0.52,-0.45,-87.73,-1.45,-99.77,
179634, 3,3,3,0,0.11,-9.35,-1.36,0.13,-0.19,-0.13,29.00,103.19,31.25,89.44,1.44,99.75,-0.07,0.31,0.13,0.24,-9.66,-1.66,0.46,-0.56,0.52,-0.45,-87.73,-1.45,-99.77,
179647, 3,3,3,0,0.17,-9.34,-1.53,0.44,-0.31,0.13,29.00,103.19,31.25,89.44,1.44,99.75,0.57,0.73,-0.53,0.24,-9.66,-1.66,0.46,-0.56,0.52,-0.45,-87.72,-1.45,-99.77,
179660, 3,3,3,0,0.82,-8.92,-2.20,-0.06,0.06,-0.56,28.56,101.69,32.50,89.44,1.44,99.75,-0.23,0.57,0.12,0.24,-9.66,-1.66,0.46,-0.56,0.52,-0.45,-87.72,-1.45,-99.77,
179672, 3,3,3,0,0.44,-9.58,-1.50,-0.13,-1.00,0.19,28.56,101.69,32.50,89.37,1.44,99.75,0.19,0.07,0.15,0.24,-9.66,-1.66,0.46,-0.56,0.52,-0.45,-87.71,-1.45,-99.77,
179685, 3,3,3,0,0.39,-9.44,-1.97,0.00,-0.69,-0.25,28.56,101.69,32.50,89.37,1.44,99.75,0.02,0.43,0.43,0.24,-9.66,-1.66,0.46,-0.56,0.52,-0.45,-87.71,-1.45,-99.78,
179697, 3,3,3,0,0.26,-9.22,-1.23,0.00,-0.56,-0.25,28.56,101.69,32.50,89.37,1.44,99.75,-0.21,-0.25,0.42,0.24,-9.66,-1.66,0.46,-0.56,0.52,-0.45,-87.71,-1.45,-99.78,
179710, 3,3,3,0,0.03,-9.91,-1.24,0.19,-0.44,-0.19,28.19,101.37,32.50,89.37,1.44,99.75,-0.10,0.31,0.11,0.24,-9.66,-1.66,0.46,-0.56,0.52,-0.45,-87.71,-1.45,-99.78,
179723, 3,3,3,0,0.77,-9.53,-2.15,0.06,-0.56,0.19,28.19,101.37,32.50,89.37,1.44,99.75,0.52,0.13,-0.49,0.24,-9.66,-1.66,0.46,-0.56,0.52,-0.45,-87.71,-1.45,-99.78,
179736, 3,3,3,0,0.21,-9.92,-1.67,0.00,0.25,-0.31,28.19,101.37,32.50,89.37,1.44,99.75,-0.27,0.28,0.21,0.24,-9.66,-1.66,0.46,-0.56,0.52,-0.45,-87.71,-1.45,-99.78,
179747, 3,3,3,0,-0.02,-9.37,-1.44,0.31,-0.25,0.44,28.19,101.37,32.50,89.37,1.44,99.75,0.27,0.14,-0.24,0.24,-9.66,-1.66,0.46,-0.56,0.52,-0.45,-87.71,-1.45,-99.78,
179761, 3,3,3,0,0.52,-9.51,-1.91,0.50,-0.13,-0.19,28.19,98.37,32.88,89.37,1.44,99.75,0.20,0.46,-0.12,0.24,-9.66,-1.66,0.46,-0.56,0.52,-0.45,-87.71,-1.45,-99.78,
179774, 3,3,3,0,0.26,-9.75,-1.32,-0.37,0.00,-0.06,28.19,98.37,32.88,89.37,1.44,99.75,0.02,-0.09,0.33,0.24,-9.66,-1.66,0.46,-0.56,0.52,-0.45,-87.70,-1.45,-99.78,
179786, 3,3,3,0,-0.01,-9.23,-1.55,0.25,-0.06,-0.25,28.19,98.37,32.88,89.44,1.44,99.75,0.56,0.45,-0.23,0.25,-9.66,-1.66,0.46,-0.56,0.52,-0.45,-87.71,-1.47,-99.78,
179798, 3,3,3,0,0.81,-9.21,-1.90,-0.13,0.44,-0.25,28.19,98.37,32.88,89.44,1.44,99.75,0.26,-0.22,-0.02,0.25,-9.66,-1.66,0.46,-0.56,0.52,-0.45,-87.70,-1.47,-99.79,
179811, 3,3,3,0,0.51,-9.88,-1.68,-0.31,0.13,0.00,28.19,98.37,33.25,89.44,1.44,99.75,0.00,0.76,0.05,0.25,-9.66,-1.66,0.46,-0.56,0.52,-0.45,-87.70,-1.47,-99.79,
179824, 3,3,3,0,0.03,-10.12,-1.45,-0.56,0.37,-0.06,28.19,98.37,33.25,89.44,1.44,99.75,-0.21,-0.46,0.20,0.25,-9.66,-1.66,0.46,-0.56,0.52,-0.45,-87.70,-1.47,-99.79,
179836, 3,3,3,0,0.41,-9.21,-1.49,0.13,0.31,0.13,28.19,98.37,33.25,89.44,1.44,99.75,0.09,-0.15,-0.10,0.25,-9.66,-1.66,0.46,-0.56,0.52,-0.45,-87.70,-1.47,-99.79,
179848, 3,3,3,0,0.35,-9.81,-1.77,-0.50,0.50,0.00,28.19,98.37,33.25,89.44,1.44,99.75,-0.50,0.00,0.74,0.25,-9.66,-1.66,0.46,-0.56,0.52,-0.45,-87.70,-1.47,-99.79,
179861, 3,3,3,0,-0.25,-9.66,-0.92,0.13,-0.31,0.13,28.19,94.56,32.88,89.44,1.44,99.75,0.38,-0.05,-0.51,0.25,-9.66,-1.66,0.46,-0.56,0.52,-0.45,-87.70,-1.47,-99.79,
179873, 3,0,3,0,0.11,-9.58,-1.56,0.06,0.06,-0.25,28.19,94.56,32.88,89.44,1.44,99.75,-0.14,0.07,0.09,0.25,-9.66,-1.66,0.46,-0.56,0.52,-0.45,-87.70,-1.47,-99.79,
179887, 3,0,3,0,0.33,-9.51,-1.77,0.13,-0.13,-0.13,28.19,94.56,32.88,89.44,1.44,99.75,-0.20,0.09,0.19,0.25,-9.66,-1.66,0.46,-0.56,0.52,-0.45,-87.70,-1.47,-99.79,
179898, 3,0,3,0,0.04,-9.56,-1.47,0.62,-0.31,0.19,28.19,94.56,32.88,89.44,1.44,99.75,-0.11,0.06,0.56,0.25,-9.66,-1.66,0.46,-0.56,0.52,-0.45,-87.70,-1.47,-99.77,
179911, 3,0,3,0,0.14,-9.59,-1.09,-0.13,0.13,0.19,27.06,95.69,32.88,89.44,1.44,99.75,-0.26,0.12,0.76,0.25,-9.66,-1.66,0.46,-0.56,0.52,-0.45,-87.70,-1.47,-99.77,
179924, 3,3,3,0,0.44,-9.29,-2.33,0.31,0.00,-0.19,27.06,95.69,32.88,89.44,1.44,99.75,0.19,0.36,-0.67,0.25,-9.66,-1.66,0.46,-0.56,0.52,-0.45,-87.70,-1.47,-99.77,
179938, 3,3,3,0,0.00,-9.50,-0.92,-0.25,0.19,-0.06,27.06,95.69,32.88,89.44,1.44,99.75,0.16,1.06,-0.31,0.25,-9.66,-1.66,0.46,-0.56,0.52,-0.45,-87.70,-1.47,-99.77,
179949, 3,3,3,0,0.41,-8.59,-1.98,-0.13,-0.31,0.00,27.06,95.69,32.88,89.44,1.44,99.75,0.00,-0.35,0.30,0.25,-9.66,-1.66,0.46,-0.56,0.52,-0.45,-87.70,-1.47,-99.77,
179962, 3,3,3,0,-0.14,-9.53,-1.42,-0.13,0.19,-0.50,26.69,93.06,33.25,89.44,1.44,99.75,-0.39,0.12,0.23,0.25,-9.66,-1.66,0.46,-0.56,0.52,-0.45,-87.70,-1.47,-99.77,
179975, 3,0,3,0,0.30,-9.16,-1.70,0.44,-0.31,0.06,26.69,93.06,33.25,89.44,1.44,99.75,0.05,0.49,-0.04,0.25,-9.66,-1.66,0.46,-0.56,0.52,-0.45,-87.70,-1.47,-99.77,
179988, 3,0,3,0,-0.16,-9.78,-1.12,-0.37,-0.31,0.06,26.69,93.06,33.25,89.44,1.44,99.75,0.24,0.33,-0.42,0.25,-9.66,-1.66,0.46,-0.56,0.52,-0.45,-87.70,-1.47,-99.77,
179999, 3,0,3,0,0.49,-9.32,-2.08,-0.13,0.13,0.00,26.69,93.06,33.25,89.44,1.44,99.75,-0.06,-0.09,0.16,0.25,-9.66,-1.66,0.46,-0.56,0.52,-0.45,-87.70,-1.47,-99.77,
180012, 3,0,3,0,0.45,-8.95,-1.46,0.19,-0.50,-0.06,26.00,92.69,34.50,89.44,1.44,99.75,0.19,0.70,0.19,0.25,-9.66,-1.66,0.46,-0.56,0.52,-0.45,-87.70,-1.47,-99.77,
180025, 3,0,3,0,0.46,-10.00,-2.22,-0.13,-0.62,-0.19,26.00,92.69,34.50,89.44,1.44,99.75,-0.58,-0.09,0.81,0.25,-9.66,-1.66,0.46,-0.56,0.52,-0.45,-87.70,-1.47,-99.78,
180039, 3,0,3,0,-0.33,-9.76,-0.84,-0.31,-0.13,-0.37,26.00,92.69,34.50,89.44,1.44,99.75,-0.04,0.45,0.02,0.25,-9.66,-1.66,0.46,-0.56,0.52,-0.45,-87.69,-1.47,-99.77,
180049, 3,0,3,0,0.20,-9.20,-1.64,0.06,-0.69,0.00,26.00,92.69,34.50,89.37,1.44,99.75,-0.17,-0.09,0.11,0.25,-9.66,-1.66,0.46,-0.56,0.52,-0.45,-87.68,-1.47,-99.77,
180062, 3,0,3,0,-0.19,-9.23,-0.95,-0.25,-0.06,-0.37,25.56,92.37,32.88,89.37,1.44,99.75,-0.45,0.42,0.71,0.25,-9.66,-1.66,0.46,-0.56,0.52,-0.45,-87.68,-1.47,-99.77,
180075, 3,0,3,0,0.66,-9.72,-2.22,0.31,-0.88,0.25,25.56,92.37,32.88,89.37,1.44,99.75,0.41,-0.06,-0.55,0.25,-9.66,-1.66,0.46,-0.56,0.52,-0.45,-87.68,-1.47,-99.77,
180088, 3,0,3,0,0.11,-9.46,-1.55,0.06,-0.25,0.00,25.56,92.37,32.88,89.37,1.44,99.75,0.52,0.23,-0.51,0.25,-9.66,-1.66,0.46,-0.56,0.52,-0.45,-87.68,-1.47,-99.77,
180099, 3,0,3,0,0.77,-9.42,-2.18,-0.37,0.44,-0.19,25.56,92.37,32.88,89.37,1.44,99.75,-0.27,0.29,0.50,0.25,-9.66,-1.66,0.46,-0.56,0.52,-0.45,-87.68,-1.47,-99.77,
180112, 3,0,3,0,0.42,-9.48,-1.38,0.37,0.06,0.06,24.06,92.37,34.50,89.37,1.44,99.75,0.17,0.17,0.27,0.25,-9.66,-1.66,0.46,-0.56,0.52,-0.45,-87.68,-1.47,-99.77,
180125, 3,0,3,0,0.00,-9.34,-1.50,-0.13,0.50,-0.19,24.06,92.37,34.50,89.37,1.44,99.75,-0.25,0.31,0.16,0.25,-9.66,-1.66,0.46,-0.56,0.52,-0.45,-87.68,-1.47,-99.77,
180138, 3,0,3,0,0.67,-9.92,-1.52,-0.25,-0.19,-0.31,24.06,92.37,34.50,89.37,1.44,99.75,0.24,0.49,0.03,0.25,-9.66,-1.66,0.46,-0.56,0.52,-0.45,-87.68,-1.47,-99.77,
180149, 3,0,3,0,0.49,-9.16,-1.62,-0.13,-0.13,0.00,24.06,92.37,34.50,89.37,1.44,99.75,0.38,-0.17,0.57,0.25,-9.66,-1.66,0.46,-0.56,0.52,-0.45,-87.68,-1.47,-99.77,
180162, 3,0,3,0,0.62,-9.15,-2.14,-0.19,0.00,-0.06,24.87,90.50,34.06,89.37,1.44,99.75,0.37,0.50,-0.48,0.25,-9.66,-1.66,0.46,-0.56,0.52,-0.45,-87.68,-1.47,-99.77,
180176, 3,0,3,0,0.74,-9.99,-1.37,-0.25,-0.06,0.19,24.87,90.50,34.06,89.37,1.44,99.75,0.49,-0.33,0.28,0.25,-9.66,-1.66,0.46,-0.56,0.52,-0.45,-87.68,-1.47,-99.77,
180189, 3,0,3,0,0.37,-9.16,-1.54,0.44,-0.19,-0.13,24.87,90.50,34.06,89.37,1.44,99.75,-0.11,0.25,0.25,0.25,-9.66,-1.66,0.46,-0.56,0.52,-0.45,-87.68,-1.47,-99.77,
180199, 3,0,3,0,0.13,-9.40,-1.40,0.37,0.19,-0.13,24.87,90.50,34.06,89.37,1.44,99.75,0.45,0.07,0.33,0.25,-9.66,-1.66,0.46,-0.56,0.52,-0.45,-87.68,-1.47,-99.77,
180213, 3,0,3,0,1.20,-9.13,-2.38,0.50,-0.25,0.37,23.69,89.69,34.88,89.37,1.44,99.75,0.95,0.52,-0.71,0.25,-9.66,-1.66,0.46,-0.56,0.52,-0.45,-87.68,-1.47,-99.77,
180226, 3,0,3,0,0.85,-9.34,-2.20,0.00,0.44,-0.13,23.69,89.69,34.88,89.37,1.44,99.75,0.60,0.31,-0.54,0.25,-9.66,-1.66,0.46,-0.56,0.52,-0.45,-87.68,-1.47,-99.77,
180239, 3,0,3,0,0.74,-9.37,-1.29,-0.06,-0.06,0.13,23.69,89.69,34.88,89.37,1.44,99.75,0.57,0.41,-0.27,0.25,-9.66,-1.66,0.46,-0.56,0.52,-0.45,-87.68,-1.47,-99.77,
180250, 3,0,3,0,0.82,-9.24,-1.93,-0.13,-0.06,0.00,23.69,89.69,34.88,89.37,1.44,99.75,0.51,0.24,0.30,0.25,-9.66,-1.66,0.46,-0.56,0.52,-0.45,-87.68,-1.47,-99.77,
180263, 3,0,3,0,0.55,-9.38,-1.42,0.00,0.13,-0.19,23.37,89.69,33.69,89.37,1.44,99.75,0.30,0.27,0.23,0.25,-9.66,-1.66,0.46,-0.56,0.52,-0.45,-87.68,-1.47,-99.77,
180276, 3,0,3,0,0.89,-9.29,-1.93,-0.06,0.00,-0.13,23.37,89.69,33.69,89.37,1.44,99.75,0.64,0.36,-0.26,0.25,-9.66,-1.66,0.46,-0.56,0.52,-0.45,-87.68,-1.47,-99.77,
180288, 3,0,3,0,0.86,-9.58,-1.73,-0.19,0.06,0.00,23.37,89.69,33.69,89.44,1.50,99.75,0.47,0.02,-0.09,0.26,-9.66,-1.66,0.46,-0.56,0.52,-0.45,-87.67,-1.52,-99.78,
180299, 3,0,3,0,0.73,-9.63,-1.75,0.19,-0.13,-0.06,23.37,89.69,33.69,89.50,1.50,99.75,0.40,0.32,-0.03,0.26,-9.66,-1.66,0.46,-0.56,0.52,-0.45,-87.68,-1.56,-99.79,
180312, 3,0,3,0,0.55,-9.52,-1.74,0.06,0.00,0.00,23.37,88.19,32.88,89.50,1.56,99.75,0.28,0.13,-0.07,0.27,-9.66,-1.66,0.46,-0.56,0.52,-0.45,-87.67,-1.59,-99.79,
180325, 3,0,3,0,0.39,-9.50,-1.55,0.00,0.06,-0.06,23.37,88.19,32.88,89.50,1.56,99.75,0.12,0.15,0.10,0.27,-9.66,-1.66,0.46,-0.56,0.52,-0.45,-87.67,-1.59,-99.79,
180338, 3,0,3,0,0.45,-9.31,-1.66,0.06,-0.13,0.06,23.37,88.19,32.88,89.50,1.56,99.75,0.16,0.30,-0.13,0.27,-9.66,-1.66,0.46,-0.56,0.52,-0.45,-87.67,-1.59,-99.79,
180349, 3,0,3,0,0.43,-9.35,-1.80,-0.13,0.06,-0.06,23.37,88.19,32.88,89.50,1.56,99.75,-0.01,0.22,0.09,0.27,-9.66,-1.66,0.46,-0.56,0.52,-0.45,-87.67,-1.59,-99.79,
180362, 3,0,3,0,0.25,-9.43,-1.56,0.00,0.13,-0.06,23.00,89.37,34.06,89.50,1.56,99.75,0.07,0.32,0.00,0.27,-9.66,-1.66,0.46,-0.56,0.52,-0.45,-87.67,-1.59,-99.79,
180375, 3,0,3,0,0.39,-9.41,-1.62,-0.06,-0.31,0.00,23.00,89.37,34.06,89.50,1.56,99.75,0.12,0.24,0.04,0.27,-9.66,-1.66,0.46,-0.56,0.52,-0.45,-87.67,-1.59,-99.79,
180387, 3,0,3,0,0.26,-9.50,-1.62,0.00,-0.13,-0.06,23.00,89.37,34.06,89.56,1.56,99.75,0.00,0.13,0.00,0.27,-9.66,-1.66,0.46,-0.56,0.52,-0.45,-87.68,-1.59,-99.79,
180399, 3,0,3,0,0.26,-9.52,-1.67,-0.06,0.06,-0.13,23.00,89.37,34.06,89.56,1.56,99.75,0.06,0.13,-0.01,0.27,-9.65,-1.66,0.46,-0.56,0.52,-0.45,-87.68,-1.59,-99.79,
180411, 3,0,3,0,0.34,-9.52,-1.68,-0.06,-0.25,0.00,23.69,89.00,34.06,89.56,1.56,99.75,0.07,0.11,0.05,0.27,-9.65,-1.66,0.46,-0.56,0.52,-0.45,-87.68,-1.59,-99.79,
180422, 3,0,3,0,0.25,-9.60,-1.63,0.06,-0.06,-0.19,23.69,89.00,34.06,89.56,1.56,99.75,-0.01,0.05,0.03,0.27,-9.65,-1.66,0.46,-0.56,0.52,-0.45,-87.68,-1.59,-99.79,
180435, 3,0,3,0,0.29,-9.43,-1.71,0.13,0.13,-0.13,23.69,89.00,34.06,89.56,1.56,99.75,0.02,0.22,-0.05,0.27,-9.65,-1.66,0.46,-0.56,0.52,-0.45,-87.68,-1.59,-99.79,
180447, 3,0,3,0,0.27,-9.46,-1.63,0.06,0.00,0.00,23.69,89.00,34.06,89.56,1.56,99.75,-0.04,0.17,0.11,0.27,-9.65,-1.66,0.46,-0.56,0.52,-0.45,-87.68,-1.59,-99.79,
180458, 3,0,3,0,0.23,-9.48,-1.55,0.00,-0.31,0.00,23.69,89.00,34.06,89.56,1.56,99.75,0.00,0.25,0.07,0.27,-9.65,-1.66,0.46,-0.56,0.52,-0.45,-87.68,-1.59,-99.79,
180470, 3,0,3,0,0.26,-9.40,-1.58,0.13,-0.13,0.00,22.56,89.37,34.88,89.56,1.56,99.75,-0.01,0.25,0.02,0.27,-9.65,-1.66,0.46,-0.56,0.52,-0.45,-87.68,-1.59,-99.79,
180482, 3,0,3,0,0.25,-9.40,-1.64,-0.06,-0.19,-0.19,22.56,89.37,34.88,89.56,1.56,99.75,-0.05,0.23,0.00,0.27,-9.65,-1.66,0.46,-0.56,0.52,-0.45,-87.68,-1.59,-99.79,
180493, 3,0,3,0,0.24,-9.48,-1.61,0.00,-0.19,-0.13,22.56,89.37,34.88,89.56,1.56,99.75,-0.02,0.17,0.05,0.27,-9.65,-1.66,0.46,-0.56,0.52,-0.45,-87.68,-1.59,-99.79,
180504, 3,0,3,0,0.30,-9.48,-1.65,-0.06,-0.19,-0.13,22.56,89.37,34.88,89.56,1.56,99.75,0.03,0.17,0.01,0.27,-9.65,-1.66,0.46,-0.56,0.52,-0.45,-87.68,-1.59,-99.79,
180516, 3,0,3,0,0.25,-9.54,-1.63,-0.06,0.13,-0.06,23.37,88.56,34.06,89.56,1.56,99.75,-0.02,0.11,0.03,0.27,-9.65,-1.66,0.46,-0.56,0.52,-0.45,-87.68,-1.59,-99.79,
180528, 3,0,3,0,0.25,-9.51,-1.62,0.00,0.13,0.00,23.37,88.56,34.06,89.56,1.56,99.75,0.02,0.11,0.00,0.27,-9.65,-1.66,0.46,-0.56,0.52,-0.45,-87.68,-1.59,-99.79,
180540, 3,0,3,0,0.29,-9.54,-1.66,0.06,-0.06,-0.06,23.37,88.56,34.06,89.56,1.56,99.75,-0.01,0.14,0.05,0.27,-9.65,-1.66,0.46,-0.56,0.52,-0.45,-87.68,-1.59,-99.79,
180551, 3,0,3,0,0.25,-9.51,-1.61,0.06,0.00,-0.06,23.37,88.56,34.06,89.56,1.56,99.75,-0.02,0.16,0.02,0.27,-9.65,-1.66,0.46,-0.56,0.52,-0.45,-87.68,-1.59,-99.79,
180562, 3,0,3,0,0.20,-9.40,-1.62,0.06,0.19,-0.13,23.37,89.37,34.50,89.56,1.56,99.75,-0.06,0.25,0.04,0.27,-9.65,-1.66,0.46,-0.56,0.52,-0.45,-87.68,-1.59,-99.79,
180574, 3,0,3,0,0.25,-9.43,-1.61,0.13,0.06,0.13,23.37,89.37,34.50,89.56,1.56,99.75,-0.01,0.22,0.05,0.27,-9.65,-1.66,0.46,-0.56,0.52,-0.45,-87.68,-1.59,-99.79,
180586, 3,0,3,0,0.25,-9.44,-1.62,-0.19,0.00,-0.06,23.37,89.37,34.50,89.56,1.56,99.75,-0.01,0.21,0.04,0.27,-9.65,-1.66,0.46,-0.56,0.52,-0.45,-87.68,-1.59,-99.79,
180599, 3,0,3,0,0.25,-9.41,-1.64,-0.06,-0.06,-0.06,23.37,89.37,34.50,89.56,1.56,99.75,0.00,0.22,0.06,0.27,-9.65,-1.66,0.46,-0.56,0.52,-0.45,-87.68,-1.59,-99.79,
180609, 3,0,3,0,0.27,-9.43,-1.60,0.00,-0.25,0.00,23.37,88.56,34.50,89.56,1.56,99.75,0.00,0.15,0.06,0.27,-9.65,-1.66,0.46,-0.56,0.52,-0.45,-87.68,-1.59,-99.79,
180621, 3,0,3,0,0.27,-9.50,-1.59,0.00,-0.25,-0.06,23.37,88.56,34.50,89.56,1.56,99.75,0.00,0.19,0.03,0.27,-9.65,-1.66,0.46,-0.56,0.52,-0.45,-87.68,-1.59,-99.79,
180633, 3,0,3,0,0.30,-9.50,-1.66,0.06,-0.25,0.06,23.37,88.56,34.50,89.56,1.56,99.75,0.03,0.15,0.00,0.27,-9.65,-1.66,0.46,-0.56,0.52,-0.45,-87.68,-1.59,-99.79,
180646, 3,0,3,0,0.24,-9.52,-1.67,0.06,0.00,-0.13,23.37,88.56,34.50,89.56,1.56,99.75,-0.03,0.13,0.00,0.27,-9.65,-1.66,0.46,-0.56,0.52,-0.45,-87.68,-1.59,-99.79,
180656, 3,0,3,0,0.27,-9.51,-1.59,0.00,0.19,-0.06,23.37,88.56,34.50,89.56,1.56,99.75,0.00,0.14,0.07,0.27,-9.65,-1.66,0.46,-0.56,0.52,-0.45,-87.68,-1.59,-99.79,
180668, 3,0,3,0,0.28,-9.47,-1.63,0.00,0.00,-0.06,23.00,88.56,35.25,89.56,1.56,99.75,-0.02,0.19,0.03,0.27,-9.65,-1.66,0.46,-0.56,0.52,-0.45,-87.68,-1.59,-99.79,
180680, 3,0,3,0,0.25,-9.46,-1.63,0.00,-0.06,-0.06,23.00,88.56,35.25,89.56,1.56,99.75,-0.01,0.23,0.00,0.27,-9.65,-1.66,0.46,-0.56,0.52,-0.45,-87.68,-1.59,-99.79,
180692, 3,0,3,0,0.25,-9.42,-1.66,0.19,-0.13,-0.13,23.00,88.56,35.25,89.56,1.56,99.75,-0.03,0.22,0.03,0.27,-9.65,-1.66,0.46,-0.56,0.52,-0.45,-87.68,-1.59,-99.79,
180702, 3,0,3,0,0.25,-9.43,-1.63,0.06,0.13,0.00,23.00,88.56,35.25,89.56,1.56,99.75,-0.01,0.22,0.03,0.27,-9.65,-1.66,0.46,-0.56,0.52,-0.45,-87.68,-1.59,-99.79,
180714, 3,0,3,0,0.26,-9.48,-1.61,0.06,-0.13,0.00,22.19,89.37,34.88,89.56,1.56,99.75,0.00,0.17,0.05,0.27,-9.65,-1.66,0.46,-0.56,0.52,-0.45,-87.68,-1.59,-99.79,
180726, 3,0,3,0,0.26,-9.43,-1.61,-0.19,-0.25,-0.19,22.19,89.37,34.88,89.56,1.56,99.75,0.00,0.22,0.05,0.27,-9.65,-1.66,0.46,-0.56,0.52,-0.45,-87.68,-1.59,-99.79,
180739, 3,0,3,0,0.26,-9.51,-1.66,0.00,0.00,-0.13,22.19,89.37,34.88,89.56,1.56,99.75,0.01,0.14,0.05,0.27,-9.65,-1.66,0.46,-0.56,0.52,-0.45,-87.68,-1.59,-99.79,
180750, 3,0,3,0,0.28,-9.51,-1.61,-0.13,0.06,0.00,22.19,89.37,34.88,89.56,1.56,99.75,0.02,0.12,0.00,0.27,-9.65,-1.66,0.46,-0.56,0.52,-0.45,-87.68,-1.59,-99.79,
180762, 3,0,3,0,0.29,-9.53,-1.66,0.13,0.13,-0.06,22.56,89.00,33.69,89.56,1.56,99.75,0.00,0.17,0.04,0.27,-9.65,-1.66,0.46,-0.56,0.52,-0.45,-87.68,-1.59,-99.79,
180773, 3,0,3,0,0.25,-9.52,-1.64,0.06,0.06,0.00,22.56,89.00,33.69,89.56,1.56,99.75,-0.02,0.13,0.02,0.27,-9.65,-1.66,0.46,-0.56,0.52,-0.45,-87.68,-1.59,-99.79,
180786, 3,0,3,0,0.24,-9.43,-1.62,-0.06,-0.13,-0.06,22.56,89.00,33.69,89.56,1.56,99.75,-0.02,0.22,0.04,0.27,-9.65,-1.66,0.46,-0.56,0.52,-0.45,-87.68,-1.59,-99.79,
180798, 3,0,3,0,0.25,-9.42,-1.66,0.06,-0.25,0.00,22.56,89.00,33.69,89.56,1.56,99.75,-0.03,0.22,0.08,0.27,-9.65,-1.66,0.46,-0.56,0.52,-0.45,-87.68,-1.59,-99.79,
180809, 3,0,3,0,0.23,-9.43,-1.58,0.06,-0.13,-0.13,22.56,89.00,33.69,89.56,1.56,99.75,0.00,0.21,0.03,0.27,-9.65,-1.66,0.46,-0.56,0.52,-0.45,-87.68,-1.59,-99.79,
180820, 3,0,3,0,0.26,-9.44,-1.63,0.06,-0.19,-0.06,22.56,88.56,34.06,89.56,1.56,99.75,0.01,0.19,0.04,0.27,-9.65,-1.66,0.46,-0.56,0.52,-0.45,-87.68,-1.59,-99.79,
180832, 3,0,3,0,0.28,-9.46,-1.62,0.00,0.00,0.00,22.56,88.56,34.06,89.56,1.56,99.75,-0.04,0.18,0.02,0.27,-9.65,-1.66,0.46,-0.56,0.52,-0.45,-87.68,-1.59,-99.79,
180844, 3,0,3,0,0.28,-9.50,-1.64,0.00,-0.13,0.00,22.56,88.56,34.06,89.56,1.56,99.75,0.01,0.15,0.02,0.27,-9.65,-1.66,0.46,-0.56,0.52,-0.45,-87.68,-1.59,-99.79,
180854, 3,0,3,0,0.30,-9.54,-1.65,0.00,-0.19,0.00,22.56,88.56,34.06,89.56,1.56,99.75,0.03,0.11,0.01,0.27,-9.65,-1.66,0.46,-0.56,0.52,-0.45,-87.68,-1.59,-99.79,
180866, 3,0,3,0,0.24,-9.52,-1.60,-0.06,-0.13,0.06,21.50,89.00,35.25,89.56,1.56,99.75,-0.02,0.13,0.06,0.27,-9.65,-1.66,0.46,-0.56,0.52,-0.45,-87.68,-1.59,-99.79,
180879, 3,0,3,0,0.26,-9.51,-1.59,0.00,-0.25,0.00,21.50,89.00,35.25,89.56,1.56,99.75,-0.02,0.17,0.02,0.27,-9.65,-1.66,0.46,-0.56,0.52,-0.45,-87.68,-1.59,-99.79,
180891, 3,0,3,0,0.25,-9.48,-1.64,0.00,-0.13,0.00,21.50,89.00,35.25,89.56,1.56,99.75,-0.04,0.19,0.04,0.27,-9.65,-1.66,0.46,-0.56,0.52,-0.45,-87.68,-1.59,-99.79,
180902, 3,0,3,0,0.22,-9.46,-1.62,0.00,-0.25,0.00,21.50,89.00,35.25,89.56,1.56,99.75,-0.01,0.21,0.01,0.27,-9.65,-1.66,0.46,-0.56,0.52,-0.45,-87.68,-1.59,-99.79,
180913, 3,0,3,0,0.25,-9.44,-1.65,-0.06,0.06,0.00,22.19,88.56,34.06,89.56,1.56,99.75,-0.03,0.25,0.03,0.27,-9.65,-1.66,0.46,-0.56,0.52,-0.45,-87.68,-1.59,-99.79,
180925, 3,0,3,0,0.24,-9.44,-1.60,0.06,0.00,0.13,22.19,88.56,34.06,89.56,1.56,99.75,-0.03,0.21,0.06,0.27,-9.65,-1.66,0.46,-0.56,0.52,-0.45,-87.68,-1.59,-99.79,
180937, 3,0,3,0,0.27,-9.44,-1.64,-0.06,-0.19,0.00,22.19,88.56,34.06,89.56,1.56,99.75,0.00,0.21,0.02,0.27,-9.65,-1.66,0.46,-0.56,0.52,-0.45,-87.68,-1.59,-99.79,
180950, 3,0,3,0,0.24,-9.46,-1.65,0.00,0.00,0.06,22.19,88.56,34.06,89.56,1.56,99.75,0.01,0.16,0.05,0.27,-9.65,-1.66,0.46,-0.56,0.52,-0.45,-87.68,-1.59,-99.79,
180960, 3,0,3,0,0.28,-9.49,-1.61,0.00,0.06,0.00,22.19,88.56,34.06,89.56,1.56,99.75,0.01,0.14,0.05,0.27,-9.65,-1.66,0.46,-0.56,0.52,-0.45,-87.68,-1.59,-99.79,
180972, 3,0,3,0,0.28,-9.51,-1.61,-0.06,0.00,-0.06,21.87,89.69,34.88,89.56,1.56,99.75,-0.02,0.15,0.02,0.27,-9.65,-1.66,0.46,-0.56,0.52,-0.45,-87.68,-1.59,-99.79,
180984, 3,0,3,0,0.28,-9.52,-1.69,0.00,0.00,0.00,21.87,89.69,34.88,89.56,1.56,99.75,0.01,0.13,-0.02,0.27,-9.65,-1.66,0.46,-0.56,0.52,-0.45,-87.68,-1.59,-99.79,
180997, 3,0,3,0,0.25,-9.46,-1.66,0.06,-0.06,-0.06,21.87,89.69,34.88,89.56,1.56,99.75,-0.02,0.19,0.00,0.27,-9.65,-1.66,0.46,-0.56,0.52,-0.45,-87.68,-1.59,-99.79,
181008, 3,0,3,0,0.25,-9.46,-1.61,0.00,-0.06,0.00,21.87,89.69,34.88,89.56,1.56,99.75,-0.02,0.19,0.05,0.27,-9.65,-1.66,0.46,-0.56,0.52,-0.45,-87.68,-1.59,-99.79,
181020, 3,0,3,0,0.25,-9.43,-1.65,0.00,-0.19,0.13,22.56,89.37,33.69,89.56,1.56,99.75,-0.02,0.23,0.03,0.27,-9.65,-1.66,0.46,-0.56,0.52,-0.45,-87.68,-1.59,-99.79,
181032, 3,0,3,0,0.25,-9.42,-1.63,0.06,0.13,0.00,22.56,89.37,33.69,89.56,1.56,99.75,-0.02,0.21,0.04,0.27,-9.65,-1.66,0.46,-0.56,0.52,-0.45,-87.68,-1.59,-99.79,
181044, 3,0,3,0,0.25,-9.45,-1.63,0.00,0.06,0.00,22.56,89.37,33.69,89.56,1.56,99.75,-0.01,0.20,0.03,0.27,-9.65,-1.66,0.46,-0.56,0.52,-0.45,-87.68,-1.59,-99.79,
181054, 3,0,3,0,0.27,-9.47,-1.62,-0.06,0.00,0.13,22.56,89.37,33.69,89.56,1.56,99.75,0.00,0.18,0.04,0.27,-9.65,-1.66,0.46,-0.56,0.52,-0.45,-87.68,-1.59,-99.79,
181066, 3,0,3,0,0.27,-9.51,-1.60,-0.19,-0.06,-0.06,22.19,89.00,34.06,89.56,1.56,99.75,0.00,0.14,0.06,0.27,-9.65,-1.66,0.46,-0.56,0.52,-0.45,-87.68,-1.59,-99.79,
181078, 3,0,3,0,0.29,-9.48,-1.63,0.06,0.13,0.13,22.19,89.00,34.06,89.56,1.56,99.75,0.02,0.17,0.03,0.27,-9.65,-1.66,0.46,-0.56,0.52,-0.45,-87.68,-1.59,-99.79,
181091, 3,0,3,0,0.28,-9.48,-1.67,-0.06,-0.25,-0.06,22.19,89.00,34.06,89.56,1.56,99.75,0.00,0.15,0.01,0.27,-9.65,-1.66,0.46,-0.56,0.52,-0.45,-87.68,-1.59,-99.79,
181102, 3,0,3,0,0.27,-9.50,-1.65,-0.06,-0.13,0.00,22.19,89.00,34.06,89.56,1.56,99.75,-0.01,0.16,0.00,0.27,-9.65,-1.66,0.46,-0.56,0.52,-0.45,-87.68,-1.59,-99.79,
181114, 3,0,3,0,0.25,-9.49,-1.66,-0.06,-0.25,-0.06,23.00,88.56,34.50,89.56,1.56,99.75,-0.01,0.18,0.06,0.27,-9.65,-1.66,0.46,-0.56,0.52,-0.45,-87.68,-1.59,-99.79,
181125, 3,0,3,0,0.24,-9.44,-1.60,0.19,-0.13,0.13,23.00,88.56,34.50,89.56,1.56,99.75,-0.02,0.21,0.06,0.27,-9.65,-1.66,0.46,-0.56,0.52,-0.45,-87.68,-1.59,-99.79,
181138, 3,0,3,0,0.25,-9.43,-1.62,0.06,0.13,-0.06,23.00,88.56,34.50,89.56,1.56,99.75,-0.02,0.22,0.04,0.27,-9.65,-1.66,0.46,-0.56,0.52,-0.45,-87.68,-1.59,-99.79,
181151, 3,0,3,0,0.25,-9.41,-1.63,0.00,0.13,0.00,23.00,88.56,34.50,89.56,1.56,99.75,0.00,0.21,0.07,0.27,-9.65,-1.66,0.46,-0.56,0.52,-0.45,-87.68,-1.59,-99.79,
181161, 3,0,3,0,0.27,-9.44,-1.59,-0.06,-0.06,-0.06,21.50,89.00,34.88,89.56,1.56,99.75,-0.01,0.19,0.06,0.27,-9.66,-1.66,0.46,-0.56,0.52,-0.45,-87.68,-1.59,-99.79,
181173, 3,0,3,0,0.25,-9.46,-1.59,0.00,0.06,0.06,21.50,89.00,34.88,89.56,1.56,99.75,0.00,0.15,0.02,0.27,-9.66,-1.66,0.46,-0.56,0.52,-0.45,-87.68,-1.59,-99.79,
